# --------- Instancia para o programa mo420-network-design.e  ---------
# Gerado por ../bin/mo420-network-design-gera-entrada.e 2 50 100 20 80 5
# --------- Cabecalho com dados gerais ---------
nnodes nedges capacity gamma
50 1225 100 5
# --------- Dados referentes aos vertices ---------
nodename posx posy weight
0 3611 4009 68
1 347 141 21
2 4885 1295 45
3 5091 4184 30
4 3203 1237 38
5 8605 7507 75
6 3021 6519 31
7 2481 3560 35
8 6811 6655 55
9 808 4980 75
10 8334 9404 53
11 8151 2587 24
12 1349 4535 53
13 746 7843 70
14 3517 6221 67
15 2275 278 56
16 3272 5296 65
17 7143 1303 30
18 7049 1473 40
19 9971 9678 75
20 8018 3743 66
21 9039 2965 54
22 7658 5851 42
23 8195 6646 63
24 8277 4664 30
25 170 5099 34
26 2895 3651 57
27 6350 4444 70
28 1242 9111 61
29 357 761 52
30 4230 695 73
31 4417 728 46
32 6463 364 56
33 7896 3335 40
34 4398 5073 79
35 4297 2838 63
36 6147 1734 39
37 2185 2402 51
38 6 2059 45
39 9432 81 32
40 1444 9192 69
41 8097 1248 59
42 6523 6030 38
43 5556 6043 58
44 9603 8178 31
45 1132 6775 49
46 6253 7747 29
47 438 1717 67
48 2028 4034 70
49 9841 6394 45
# --------- Dados referentes aas arestas ---------
endpoint1 endpoint2 distance
0 1 5470
0 2 3176
0 3 1745
0 4 2963
0 5 6145
0 6 2680
0 7 1517
0 8 4359
0 9 3387
0 10 7595
0 11 4808
0 12 2485
0 13 4904
0 14 2331
0 15 4184
0 16 1409
0 17 4617
0 18 4444
0 19 8895
0 20 4456
0 21 5828
0 22 4505
0 23 5329
0 24 5194
0 25 4085
0 26 1006
0 27 2966
0 28 5679
0 29 4784
0 30 3512
0 31 3752
0 32 5089
0 33 4718
0 34 1601
0 35 1675
0 36 3898
0 37 2386
0 38 4120
0 39 7495
0 40 5735
0 41 5523
0 42 3775
0 43 2983
0 44 7595
0 45 4025
0 46 4917
0 47 4374
0 48 2018
0 49 6742
1 2 4777
1 3 6481
1 4 3528
1 5 11359
1 6 6957
1 7 4407
1 8 9560
1 9 5353
1 10 12404
1 11 8299
1 12 4922
1 13 7996
1 14 7085
1 15 2224
1 16 6122
1 17 6951
1 18 6952
1 19 14007
1 20 8496
1 21 9335
1 22 9351
1 23 10353
1 24 9507
1 25 4983
1 26 4496
1 27 7648
1 28 9286
1 29 744
1 30 4269
1 31 4484
1 32 6361
1 33 8659
1 34 6808
1 35 5064
1 36 6193
1 37 3190
1 38 2178
1 39 9189
1 40 9483
1 41 8007
1 42 8752
1 43 8030
1 44 12494
1 45 6839
1 46 9649
1 47 1581
1 48 4437
1 49 11752
2 3 3294
2 4 1885
2 5 7308
2 6 5633
2 7 3543
2 8 5775
2 9 5948
2 10 8872
2 11 3653
2 12 5070
2 13 8142
2 14 5508
2 15 3126
2 16 4472
2 17 2718
2 18 2643
2 19 9946
2 20 4429
2 21 4484
2 22 5632
2 23 6621
2 24 4837
2 25 6349
2 26 3301
2 27 3667
2 28 8891
2 29 4650
2 30 945
2 31 957
2 32 1969
2 33 3881
2 34 4251
2 35 2089
2 36 1446
2 37 3231
2 38 5081
2 39 4975
2 40 8897
2 41 3383
2 42 5207
2 43 5224
2 44 8515
2 45 6681
2 46 6951
2 47 4528
2 48 4436
2 49 7424
3 4 3797
3 5 5235
3 6 3205
3 7 2776
3 8 3144
3 9 4562
3 10 6256
3 11 3848
3 12 4107
3 13 5899
3 14 3021
3 15 5066
3 16 2282
3 17 3792
3 18 3591
3 19 7382
3 20 3160
3 21 4301
3 22 3357
3 23 4156
3 24 3417
3 25 5205
3 26 2677
3 27 1593
3 28 6418
3 29 6284
3 30 4024
3 31 3607
3 32 4310
3 33 3048
3 34 1393
3 35 1701
3 36 3035
3 37 3729
3 38 5900
3 39 6082
3 40 6369
3 41 4576
3 42 2834
3 43 2137
3 44 6484
3 45 4836
3 46 3935
3 47 5753
3 48 3176
3 49 5310
4 5 8420
4 6 5757
4 7 2722
4 8 6643
4 9 4915
4 10 9702
4 11 5167
4 12 4063
4 13 7452
4 14 5002
4 15 1430
4 16 4374
4 17 4298
4 18 4300
4 19 11196
4 20 5469
4 21 6436
4 22 6608
4 23 7599
4 24 6480
4 25 5396
4 26 2469
4 27 4585
4 28 8526
4 29 3057
4 30 1328
4 31 1691
4 32 3812
4 33 5239
4 34 4148
4 35 2415
4 36 3129
4 37 1954
4 38 3752
4 39 6585
4 40 8280
4 41 4908
4 42 5981
4 43 5774
4 44 9701
4 45 6403
4 46 7232
4 47 2905
4 48 3415
4 49 8825
5 6 6165
5 7 7290
5 8 2282
5 9 8437
5 10 2394
5 11 5329
5 12 7982
5 13 7987
5 14 5735
5 15 9999
5 16 6083
5 17 6845
5 18 6445
5 19 2643
5 20 4228
5 21 5041
5 22 2289
5 23 1274
5 24 3302
5 25 8809
5 26 7291
5 27 4203
5 28 7672
5 29 10678
5 30 8529
5 31 8134
5 32 7567
5 33 4356
5 34 5286
5 35 6457
5 36 6479
5 37 8625
5 38 10427
5 39 7597
5 40 7797
5 41 6462
5 42 2853
5 43 3622
5 44 1240
5 45 7976
5 46 2395
5 47 10384
5 48 7706
5 49 1738
6 7 3109
6 8 4163
6 9 2704
6 10 6232
6 11 6531
6 12 2856
6 13 2972
6 14 665
6 15 6453
6 16 1729
6 17 7018
6 18 6819
6 19 8011
6 20 5768
6 21 7169
6 22 5115
6 23 5550
6 24 5596
6 25 3527
6 26 3103
6 27 3923
6 28 3346
6 29 6581
6 30 6446
6 31 6205
6 32 7316
6 33 5831
6 34 2104
6 35 3905
6 36 5728
6 37 4664
6 38 5656
6 39 9486
6 40 3137
6 41 7353
6 42 4024
6 43 2708
6 44 7169
6 45 2007
6 46 3947
6 47 5669
6 48 2941
6 49 7003
7 8 5401
7 9 2288
7 10 8468
7 11 6042
7 12 1573
7 13 5056
7 14 3342
7 15 3736
7 16 1968
7 17 5243
7 18 5075
7 19 9679
7 20 5992
7 21 6986
7 22 5995
7 23 6678
7 24 6238
7 25 2791
7 26 708
7 27 4224
7 28 5788
7 29 3716
7 30 3633
7 31 3893
7 32 5165
7 33 5490
7 34 2517
7 35 2214
7 36 4394
7 37 1430
7 38 3003
7 39 8228
7 40 5799
7 41 6454
7 42 4757
7 43 3973
7 44 8833
7 45 3583
7 46 5825
7 47 2981
7 48 1133
7 49 8241
8 9 6659
8 10 3434
8 11 4377
8 12 6219
8 13 6542
8 14 3666
8 15 7892
8 16 3823
8 17 5780
8 18 5434
8 19 4437
8 20 3270
8 21 4310
8 22 1441
8 23 1716
8 24 2611
8 25 7179
8 26 5385
8 27 2441
8 28 6138
8 29 9084
8 30 6828
8 31 6844
8 32 6503
8 33 3867
8 34 2972
8 35 4685
8 36 5178
8 37 6459
8 38 8444
8 39 7384
8 40 6338
8 41 5793
8 42 814
8 43 1414
8 44 3415
8 45 5785
8 46 1711
8 47 8183
8 48 5665
8 49 3238
9 10 8995
9 11 7845
9 12 1001
9 13 3009
9 14 3216
9 15 5069
9 16 2896
9 17 7633
9 18 7540
9 19 10455
9 20 7719
9 21 8553
9 22 7179
9 23 7698
9 24 7774
9 25 665
9 26 2658
9 27 5891
9 28 4642
9 29 4356
9 30 5592
9 31 5826
9 32 7611
9 33 7576
9 34 3920
9 35 4291
9 36 6551
9 37 3219
9 38 3086
9 39 10089
9 40 4400
9 41 8255
9 42 5821
9 43 5216
9 44 9737
9 45 2324
9 46 6485
9 47 3507
9 48 2019
9 49 9499
10 11 6843
10 12 8538
10 13 8070
10 14 5995
10 15 11327
10 16 6717
10 17 8530
10 18 8082
10 19 1678
10 20 5717
10 21 6676
10 22 3917
10 23 2830
10 24 5116
10 25 9392
10 26 8278
10 27 5813
10 28 7332
10 29 11767
10 30 10065
10 31 9800
10 32 9340
10 33 6565
10 34 5877
10 35 7972
10 36 8317
10 37 9550
10 38 11273
10 39 9821
10 40 6950
10 41 8503
10 42 3995
10 43 4521
10 44 2111
10 45 7726
10 46 2928
10 47 11091
10 48 8660
10 49 3619
11 12 7164
11 13 9550
11 14 6255
11 15 6775
11 16 5845
11 17 1965
11 18 1934
11 19 7720
11 20 1596
11 21 1367
11 22 3507
11 23 4393
11 24 2462
11 25 8843
11 26 5444
11 27 2909
11 28 9988
11 29 8205
11 30 4510
11 31 4661
11 32 2966
11 33 918
11 34 4657
11 35 4197
11 36 2656
11 37 6298
11 38 8472
11 39 3168
11 40 9580
11 41 1617
11 42 4161
11 43 4439
11 44 6194
11 45 8388
11 46 5784
11 47 7910
11 48 6487
11 49 4195
12 13 3478
12 14 2838
12 15 4551
12 16 2360
12 17 7025
12 18 6863
12 19 10506
12 20 6746
12 21 8091
12 22 6864
12 23 7331
12 24 7311
12 25 1415
12 26 2088
12 27 5446
12 28 4604
12 29 4263
12 30 5245
12 31 5207
12 32 6895
12 33 6813
12 34 3098
12 35 3463
12 36 5843
12 37 2410
12 38 2979
12 39 9542
12 40 5101
12 41 7832
12 42 5518
12 43 4504
12 44 9319
12 45 2463
12 46 5905
12 47 3209
12 48 1228
12 49 8783
13 14 3668
13 15 7804
13 16 3799
13 17 9522
13 18 9342
13 19 9652
13 20 8833
13 21 9759
13 22 7562
13 23 7602
13 24 8386
13 25 2959
13 26 4867
13 27 6672
13 28 1779
13 29 7330
13 30 8444
13 31 8049
13 32 9495
13 33 8547
13 34 5075
13 35 6526
13 36 8184
13 37 5881
13 38 5915
13 39 11878
13 40 1857
13 41 10021
13 42 6475
13 43 5519
13 44 8941
13 45 1291
13 46 5934
13 47 6153
13 48 4268
13 49 9637
14 15 6562
14 16 1411
14 17 6233
14 18 6297
14 19 7398
14 20 5237
14 21 6831
14 22 4472
14 23 4994
14 24 5387
14 25 4029
14 26 2653
14 27 3484
14 28 4153
14 29 6521
14 30 5588
14 31 5608
14 32 6757
14 33 5636
14 34 1768
14 35 3744
14 36 5456
14 37 4386
14 38 5612
14 39 8804
14 40 3676
14 41 7114
14 42 3430
14 43 2151
14 44 6624
14 45 2541
14 46 3283
14 47 5921
14 48 2827
14 49 6534
15 16 5173
15 17 5459
15 18 5163
15 19 12484
15 20 7073
15 21 7606
15 22 7772
15 23 8829
15 24 7781
15 25 5599
15 26 3693
15 27 6161
15 28 8934
15 29 2322
15 30 2492
15 31 2595
15 32 4336
15 33 6472
15 34 5405
15 35 3737
15 36 4144
15 37 2379
15 38 2980
15 39 7334
15 40 9311
15 41 6084
15 42 7386
15 43 6781
15 44 11089
15 45 6810
15 46 8843
15 47 2542
15 48 4220
15 49 10030
16 17 5961
16 18 5402
16 19 8015
16 20 5112
16 21 6403
16 22 4914
16 23 5330
16 24 5225
16 25 3565
16 26 2016
16 27 3625
16 28 4450
16 29 5712
16 30 5142
16 31 5199
16 32 6117
16 33 5219
16 34 1301
16 35 2685
16 36 4756
16 37 3286
16 38 4938
16 39 8247
16 40 4450
16 41 6339
16 42 3706
16 43 2694
16 44 7322
16 45 2743
16 46 4174
16 47 4896
16 48 2043
16 49 6806
17 18 582
17 19 9029
17 20 2750
17 21 2532
17 22 5062
17 23 5929
17 24 3774
17 25 8085
17 26 5310
17 27 3545
17 28 10148
17 29 6945
17 30 3413
17 31 2904
17 32 1511
17 33 2373
17 34 4825
17 35 3272
17 36 1524
17 37 5140
17 38 7257
17 39 3013
17 40 10067
17 41 1220
17 42 5016
17 43 5477
17 44 7427
17 45 8622
17 46 6901
17 47 6910
17 48 5901
17 49 5994
18 19 9122
18 20 2526
18 21 2534
18 22 4627
18 23 5385
18 24 3482
18 25 8233
18 26 5112
18 27 3090
18 28 9961
18 29 6795
18 30 3176
18 31 2792
18 32 1454
18 33 2433
18 34 4583
18 35 3310
18 36 1009
18 37 5443
18 38 7279
18 39 3085
18 40 9690
18 41 1198
18 42 5030
18 43 4962
18 44 7409
18 45 8007
18 46 6560
18 47 6682
18 48 6066
18 49 5904
19 20 6466
19 21 7174
19 22 4490
19 23 3926
19 24 5594
19 25 11013
19 26 9741
19 27 6444
19 28 8892
19 29 13582
19 30 11144
19 31 10803
19 32 10372
19 33 6922
19 34 7498
19 35 8989
19 36 9039
19 37 10921
19 38 12778
19 39 10017
19 40 8582
19 41 8770
19 42 5297
19 43 6016
19 44 1655
19 45 9722
19 46 4320
19 47 12745
19 48 10078
19 49 3423
20 21 1554
20 22 2516
20 23 3225
20 24 1089
20 25 8147
20 26 5440
20 27 1918
20 28 8756
20 29 8615
20 30 4969
20 31 4708
20 32 4053
20 33 674
20 34 4228
20 35 4031
20 36 2951
20 37 6085
20 38 8475
20 39 4136
20 40 8914
20 41 2523
20 42 3128
20 43 3637
20 44 5133
20 45 8009
20 46 4457
20 47 7971
20 48 6002
20 49 3250
21 22 3627
21 23 4240
21 24 2018
21 25 9598
21 26 6215
21 27 3159
21 28 10228
21 29 9225
21 30 5534
21 31 5566
21 32 3966
21 33 1635
21 34 5212
21 35 4766
21 36 3418
21 37 7204
21 38 9287
21 39 3214
21 40 10149
21 41 2200
21 42 4004
21 43 4983
21 44 5713
21 45 9092
21 46 5632
21 47 8818
21 48 7125
21 49 3531
22 23 1017
22 24 1646
22 25 7839
22 26 5464
22 27 2013
22 28 7493
22 29 9047
22 30 6428
22 31 6188
22 32 5618
22 33 2933
22 34 3695
22 35 4994
22 36 4582
22 37 6937
22 38 8873
22 39 6510
22 40 7535
22 41 5097
22 42 1571
22 43 2255
22 44 3418
22 45 6598
22 46 2402
22 47 8593
22 48 6137
22 49 2738
23 24 2174
23 25 8552
23 26 6462
23 27 3258
23 28 7653
23 29 10023
23 30 7419
23 31 7460
23 32 6767
23 33 3514
23 34 4252
23 35 5756
23 36 5625
23 37 7470
23 38 9526
23 39 6853
23 40 7710
23 41 5822
23 42 2036
23 43 2872
23 44 2164
23 45 7135
23 46 2551
23 47 9675
23 48 7086
23 49 1777
24 25 8245
24 26 5799
24 27 2067
24 28 8622
24 29 9132
24 30 5688
24 31 5541
24 32 5123
24 33 1768
24 34 4097
24 35 4844
24 36 4055
24 37 6833
24 38 9053
24 39 5031
24 40 8527
24 41 3736
24 42 2667
24 43 3286
24 44 3988
24 45 7751
24 46 3719
24 47 8421
24 48 6551
24 49 2421
25 26 3544
25 27 6628
25 28 4215
25 29 4402
25 30 6273
25 31 6261
25 32 8151
25 33 8045
25 34 4553
25 35 5056
25 36 6888
25 37 3413
25 38 3445
25 39 10649
25 40 4556
25 41 8966
25 42 6536
25 43 5507
25 44 10077
25 45 2199
25 46 6952
25 47 3435
25 48 2496
25 49 10166
26 27 3968
26 28 5907
26 29 4324
26 30 3468
26 31 3298
26 32 5004
26 33 5153
26 34 2169
26 35 1904
26 36 4050
26 37 1583
26 38 3766
26 39 7675
26 40 5999
26 41 6209
26 42 4661
26 43 3995
26 44 8230
26 45 3802
26 46 5333
26 47 3352
26 48 1418
26 49 7587
27 28 6929
27 29 7446
27 30 4530
27 31 4254
27 32 4208
27 33 1928
27 34 2222
27 35 2995
27 36 2815
27 37 4827
27 38 6827
27 39 5560
27 40 7117
27 41 4126
27 42 2031
27 43 2142
27 44 5296
27 45 5736
27 46 3467
27 47 6960
27 48 4679
27 49 4419
28 29 8449
28 30 9390
28 31 8968
28 32 10541
28 33 9137
28 34 5582
28 35 7199
28 36 9279
28 37 7094
28 38 7230
28 39 12237
28 40 520
28 41 10464
28 42 6264
28 43 5786
28 44 8711
28 45 2573
28 46 5276
28 47 7519
28 48 5441
28 49 9036
29 30 4077
29 31 4333
29 32 6225
29 33 8445
29 34 6033
29 35 4712
29 36 6117
29 37 2464
29 38 1571
29 39 9243
29 40 8724
29 41 8113
29 42 8519
29 43 7619
29 44 11887
29 45 6302
29 46 9159
29 47 1204
29 48 3709
29 49 11032
30 31 478
30 32 2525
30 33 4855
30 34 4573
30 35 2548
30 36 2475
30 37 3018
30 38 4838
30 39 5551
30 40 9075
30 41 3981
30 42 5988
30 43 5855
30 44 9324
30 45 7133
30 46 7805
30 47 4275
30 48 4072
30 49 8453
31 32 2196
31 33 4384
31 34 4645
31 35 2383
31 36 2080
31 37 3105
31 38 4805
31 39 5515
31 40 9316
31 41 4022
31 42 6091
31 43 5473
31 44 9122
31 45 6895
31 46 7356
31 47 4526
31 48 4297
31 49 8067
32 33 3450
32 34 5577
32 35 3459
32 36 1552
32 37 4871
32 38 6911
32 39 3137
32 40 10215
32 41 1888
32 42 5998
32 43 6108
32 44 8741
32 45 8443
32 46 7467
32 47 6240
32 48 5799
32 49 7242
33 34 4323
33 35 3764
33 36 2758
33 37 5805
33 38 8076
33 39 3949
33 40 9031
33 41 2255
33 42 3308
33 43 3919
33 44 5577
33 45 7782
33 46 4916
33 47 7874
33 48 6406
33 49 3688
34 35 2586
34 36 4069
34 37 3504
34 38 5730
34 39 7292
34 40 5099
34 41 5553
34 42 2389
34 43 1728
34 44 6411
34 45 3935
34 46 3672
34 47 5256
34 48 2710
34 49 5871
35 36 2305
35 37 2459
35 38 4493
35 39 6075
35 40 7025
35 41 4531
35 42 4067
35 43 3871
35 44 7955
35 45 5191
35 46 5494
35 47 4071
35 48 2938
35 49 6869
36 37 4500
36 38 6212
36 39 4104
36 40 9071
36 41 2448
36 42 4451
36 43 4717
36 44 7481
36 45 7176
36 46 6269
36 47 5941
36 48 5193
36 49 6058
37 38 2261
37 39 7893
37 40 7259
37 41 6371
37 42 6050
37 43 5404
37 44 9568
37 45 4967
37 46 6935
37 47 2057
37 48 2069
37 49 8701
38 39 9674
38 40 7297
38 41 8443
38 42 8093
38 43 7155
38 44 11396
38 45 5328
38 46 8767
38 47 834
38 48 3147
38 49 10918
39 40 12218
39 41 1823
39 42 6642
39 43 7307
39 44 8138
39 45 11039
39 46 8588
39 47 9326
39 48 8682
39 49 6630
40 41 10748
40 42 6403
40 43 5548
40 44 8334
40 45 2600
40 46 5028
40 47 7554
40 48 5668
40 49 9212
41 42 5081
41 43 5810
41 44 7272
41 45 9357
41 46 7054
41 47 8038
41 48 6798
41 49 5921
42 43 1284
42 44 4137
42 45 5900
42 46 1904
42 47 7479
42 48 5354
42 49 3537
43 44 4642
43 45 4772
43 46 2300
43 47 6978
43 48 4237
43 49 4612
44 45 9014
44 46 3859
44 47 11505
44 48 8764
44 49 2279
45 46 5679
45 47 5280
45 48 3209
45 49 8999
46 47 8804
46 48 5719
46 49 4265
47 48 3119
47 49 10633
48 49 8273
