# --------- Instancia para o programa mo420-network-design.e  ---------
# Gerado por ../bin/mo420-network-design-gera-entrada.e 2 20 100 20 80 2
# --------- Cabecalho com dados gerais ---------
nnodes nedges capacity gamma
20 190 100 2
# --------- Dados referentes aos vertices ---------
nodename posx posy weight
0 3611 4009 68
1 347 141 21
2 4885 1295 45
3 5091 4184 30
4 3203 1237 38
5 8605 7507 75
6 3021 6519 31
7 2481 3560 35
8 6811 6655 55
9 808 4980 75
10 8334 9404 53
11 8151 2587 24
12 1349 4535 53
13 746 7843 70
14 3517 6221 67
15 2275 278 56
16 3272 5296 65
17 7143 1303 30
18 7049 1473 40
19 9971 9678 75
# --------- Dados referentes aas arestas ---------
endpoint1 endpoint2 distance
0 1 5353
0 2 3410
0 3 1774
0 4 2847
0 5 6172
0 6 3027
0 7 1569
0 8 4635
0 9 3187
0 10 7301
0 11 5145
0 12 2615
0 13 5193
0 14 2523
0 15 4027
0 16 1362
0 17 4500
0 18 4485
0 19 8816
1 2 4967
1 3 6508
1 4 3517
1 5 11293
1 6 7183
1 7 4513
1 8 9371
1 9 5321
1 10 12482
1 11 8186
1 12 4808
1 13 7958
1 14 7070
1 15 2263
1 16 6252
1 17 7154
1 18 7292
1 19 13800
2 3 3225
2 4 1758
2 5 7438
2 6 5602
2 7 3740
2 8 5726
2 9 5886
2 10 9278
2 11 3800
2 12 5042
2 13 8178
2 14 5222
2 15 3245
2 16 4673
2 17 2513
2 18 2579
2 19 10299
3 4 3816
3 5 5052
3 6 3251
3 7 3108
3 8 3136
3 9 4555
3 10 6625
3 11 3579
3 12 4232
3 13 6048
3 14 2960
3 15 4865
3 16 2209
3 17 3893
3 18 3574
3 19 7573
4 5 8424
4 6 5301
4 7 2806
4 8 6924
4 9 4469
4 10 9900
4 11 5344
4 12 3938
4 13 7311
4 14 5101
4 15 1385
4 16 4451
4 17 3940
4 18 3895
4 19 11132
5 6 5980
5 7 7775
5 8 2335
5 9 8440
5 10 1996
5 11 5349
5 12 8019
5 13 8121
5 14 5410
5 15 9656
5 16 5875
5 17 6675
5 18 6438
5 19 2985
6 7 3432
6 8 3843
6 9 2858
6 10 6163
6 11 6581
6 12 2816
6 13 2711
6 14 746
6 15 6457
6 16 1624
6 17 6689
6 18 6757
6 19 7693
7 8 5363
7 9 2677
7 10 8747
7 11 5958
7 12 1687
7 13 4675
7 14 3042
7 15 3429
7 16 2281
7 17 5640
7 18 5403
7 19 9949
8 9 6550
8 10 3634
8 11 4521
8 12 5880
8 13 6653
8 14 3440
8 15 8081
8 16 4021
8 17 5531
8 18 5483
8 19 4684
9 10 9069
9 11 8183
9 12 1135
9 13 2935
9 14 3074
9 15 5173
9 16 2953
9 17 7618
9 18 7200
9 19 10674
10 11 7203
10 12 9007
10 13 7920
10 14 5894
10 15 11370
10 16 6803
10 17 8417
10 18 8326
10 19 1854
11 12 7132
11 13 9199
11 14 6346
11 15 6335
11 16 5776
11 17 1707
11 18 1726
11 19 7698
12 13 3384
12 14 2905
12 15 4619
12 16 2340
12 17 6758
12 18 6817
12 19 10411
13 14 3451
13 15 8180
13 16 4013
13 17 9430
13 18 9140
13 19 9682
14 15 6301
14 16 1060
14 17 6476
14 18 6096
14 19 7540
15 16 5275
15 17 5210
15 18 5080
15 19 12168
16 17 5564
16 18 5571
16 19 8388
17 18 592
17 19 9042
18 19 8777
