# --------- Instancia para o programa mo420-network-design.e  ---------
# Gerado por ../bin/mo420-network-design-gera-entrada.e 1 50 100 20 80 5
# --------- Cabecalho com dados gerais ---------
nnodes nedges capacity gamma
50 1225 100 5
# --------- Dados referentes aos vertices ---------
nodename posx posy weight
0 6806 7005 73
1 5174 4531 51
2 7443 5108 31
3 7006 2092 54
4 6062 5619 29
5 8763 8214 78
6 6511 8260 56
7 5701 1240 26
8 7866 7788 68
9 9865 2490 46
10 3627 4162 67
11 9076 5754 22
12 5135 6728 35
13 373 8922 74
14 6219 7571 42
15 6138 9600 67
16 1636 2648 41
17 8572 5652 25
18 8525 5737 30
19 9446 4299 78
20 3469 6332 72
21 9520 5943 37
22 3829 7926 60
23 9098 2783 72
24 9139 1792 54
25 85 7010 27
26 5908 6286 37
27 3175 2222 74
28 81 9016 39
29 4639 4841 65
30 2115 5348 77
31 6669 9825 62
32 8232 9643 38
33 3948 6128 30
34 2199 7537 80
35 6609 879 72
36 7534 867 28
37 5553 661 34
38 9464 5490 63
39 4716 4501 26
40 722 4596 75
41 9049 624 38
42 7722 3015 29
43 2778 7482 68
44 9802 3549 56
45 566 8388 65
46 7587 8334 23
47 9680 5319 74
48 474 2017 45
49 9381 3197 63
# --------- Dados referentes aas arestas ---------
endpoint1 endpoint2 distance
0 1 3418
0 2 2467
0 3 5295
0 4 1654
0 5 2324
0 6 1717
0 7 6020
0 8 1547
0 9 5790
0 10 4603
0 11 2867
0 12 2025
0 13 6771
0 14 874
0 15 2790
0 16 6927
0 17 2308
0 18 2222
0 19 3844
0 20 3675
0 21 3315
0 22 3272
0 23 5075
0 24 6203
0 25 6959
0 26 1253
0 27 6352
0 28 7046
0 29 3282
0 30 5296
0 31 3010
0 32 3479
0 33 3306
0 34 4652
0 35 6164
0 36 6427
0 37 6962
0 38 3447
0 39 3748
0 40 6979
0 41 6891
0 42 4335
0 43 4267
0 44 4597
0 45 6673
0 46 1711
0 47 3438
0 48 8404
0 49 4632
1 2 2515
1 3 3050
1 4 1765
1 5 5165
1 6 4359
1 7 3647
1 8 4417
1 9 5488
1 10 2054
1 11 4400
1 12 2405
1 13 6524
1 14 3455
1 15 5305
1 16 4231
1 17 3733
1 18 3747
1 19 4383
1 20 2868
1 21 5044
1 22 3939
1 23 4752
1 24 4884
1 25 5671
1 26 2232
1 27 3312
1 28 6922
1 29 1057
1 30 3466
1 31 5687
1 32 6203
1 33 2371
1 34 4318
1 35 3940
1 36 4698
1 37 4277
1 38 4887
1 39 510
1 40 4635
1 41 5842
1 42 3200
1 43 4007
1 44 4849
1 45 6339
1 46 4890
1 47 4826
1 48 5679
1 49 4481
2 3 3246
2 4 1700
2 5 3785
2 6 3580
2 7 4613
2 8 3130
2 9 3919
2 10 3961
2 11 2077
2 12 3083
2 13 8107
2 14 2948
2 15 4966
2 16 6512
2 17 1359
2 18 1487
2 19 2481
2 20 4261
2 21 2368
2 22 4982
2 23 3268
2 24 4003
2 25 7995
2 26 2420
2 27 5626
2 28 8468
2 29 3112
2 30 5488
2 31 4891
2 32 4798
2 33 3889
2 34 6000
2 35 4529
2 36 4296
2 37 5238
2 38 2378
2 39 3054
2 40 7132
2 41 4974
2 42 2460
2 43 5699
2 44 3039
2 45 7639
2 46 3283
2 47 2277
2 48 7989
2 49 2878
3 4 3800
3 5 6819
3 6 6480
3 7 1731
3 8 6204
3 9 3366
3 10 4144
3 11 4531
3 12 5300
3 13 9756
3 14 6009
3 15 7810
3 16 5724
3 17 4267
3 18 4198
3 19 3307
3 20 5998
3 21 5060
3 22 6917
3 23 2427
3 24 2251
3 25 8967
3 26 4544
3 27 3987
3 28 9875
3 29 3975
3 30 6217
3 31 8160
3 32 7651
3 33 5122
3 34 7396
3 35 1472
3 36 1517
3 37 2326
3 38 4514
3 39 3628
3 40 6851
3 41 2953
3 42 1417
3 43 7211
3 44 3632
3 45 9309
3 46 6362
3 47 4684
3 48 6587
3 49 2655
4 5 4194
4 6 2790
4 7 4414
4 8 3265
4 9 5036
4 10 2992
4 11 3287
4 12 1461
4 13 6780
4 14 2213
4 15 4406
4 16 5614
4 17 2689
4 18 2815
4 19 3947
4 20 2960
4 21 3524
4 22 3558
4 23 4400
4 24 4965
4 25 6255
4 26 702
4 27 4504
4 28 6960
4 29 2084
4 30 4166
4 31 4687
4 32 4666
4 33 2474
4 34 4504
4 35 4885
4 36 5046
4 37 5314
4 38 3630
4 39 1874
4 40 5630
4 41 6203
4 42 3414
4 43 4113
4 44 4280
4 45 6526
4 46 3261
4 47 3930
4 48 6715
4 49 4318
5 6 2750
5 7 7869
5 8 1141
5 9 6200
5 10 6656
5 11 2800
5 12 4117
5 13 8730
5 14 3118
5 15 3290
5 16 9073
5 17 2805
5 18 2972
5 19 4264
5 20 6078
5 21 2883
5 22 5009
5 23 5728
5 24 6779
5 25 9157
5 26 3896
5 27 8269
5 28 9037
5 29 5465
5 30 7456
5 31 2724
5 32 1579
5 33 5436
5 34 6687
5 35 7947
5 36 7802
5 37 8668
5 38 2936
5 39 5932
5 40 9288
5 41 7937
5 42 5703
5 43 6149
5 44 5175
5 45 8432
5 46 1448
5 47 3473
5 48 10610
5 49 5218
6 7 7494
6 8 1746
6 9 6928
6 10 5355
6 11 3996
6 12 2066
6 13 6343
6 14 918
6 15 1474
6 16 7924
6 17 3509
6 18 3536
6 19 5244
6 20 4004
6 21 4264
6 22 3168
6 23 6495
6 24 7119
6 25 6717
6 26 2431
6 27 7025
6 28 6702
6 29 4266
6 30 5398
6 31 1823
6 32 2339
6 33 3464
6 34 4803
6 35 7386
6 36 7720
6 37 8141
6 38 4311
6 39 4492
6 40 6868
6 41 8441
6 42 5753
6 43 4128
6 44 5937
6 45 6123
6 46 1323
6 47 4682
6 48 9067
6 49 6287
7 8 7186
7 9 4394
7 10 3808
7 11 5781
7 12 5807
7 13 9692
7 14 6846
7 15 8471
7 16 4582
7 17 5672
7 18 5587
7 19 4839
7 20 5785
7 21 6135
7 22 6986
7 23 3823
7 24 3651
7 25 8185
7 26 5443
7 27 2714
7 28 9771
7 29 3982
7 30 5717
7 31 9121
7 32 8805
7 33 5478
7 34 7369
7 35 983
7 36 2146
7 37 965
7 38 5981
7 39 3884
7 40 6167
7 41 3845
7 42 2826
7 43 7153
7 44 5129
7 45 8976
7 46 7435
7 47 6190
7 48 5523
7 49 4472
8 9 6002
8 10 5724
8 11 2790
8 12 3236
8 13 7759
8 14 1833
8 15 2787
8 16 8219
8 17 2334
8 18 2528
8 19 3862
8 20 5067
8 21 2477
8 22 4176
8 23 5320
8 24 6325
8 25 8249
8 26 2692
8 27 7621
8 28 8284
8 29 4418
8 30 6414
8 31 2588
8 32 2242
8 33 4569
8 34 5966
8 35 7206
8 36 7285
8 37 7957
8 38 3166
8 39 4956
8 40 8025
8 41 7756
8 42 5215
8 43 5483
8 44 4904
8 45 7503
8 46 982
8 47 3374
8 48 9609
8 49 5059
9 10 6591
9 11 3796
9 12 6751
9 13 11538
9 14 6622
9 15 8099
9 16 8436
9 17 3821
9 18 3703
9 19 1935
9 20 7663
9 21 3636
9 22 8136
9 23 1261
9 24 1283
9 25 10781
9 26 5952
9 27 6857
9 28 12255
9 29 6037
9 30 8565
9 31 8376
9 32 7369
9 33 7095
9 34 9593
9 35 3981
9 36 3118
9 37 5082
9 38 3305
9 39 5739
9 40 9703
9 41 2196
9 42 2338
9 43 9094
9 44 1376
9 45 11261
9 46 6461
9 47 2947
9 48 9516
9 49 910
10 11 6065
10 12 3365
10 13 5927
10 14 4770
10 15 6302
10 16 2600
10 17 5335
10 18 5169
10 19 5956
10 20 2199
10 21 6382
10 22 4046
10 23 5927
10 24 6187
10 25 4876
10 26 3423
10 27 2353
10 28 6128
10 29 1221
10 30 2016
10 31 6819
10 32 7463
10 33 2483
10 34 3927
10 35 4818
10 36 5157
10 37 4488
10 38 6321
10 39 1357
10 40 3092
10 41 6646
10 42 4712
10 43 3633
10 44 6505
10 45 5248
10 46 5886
10 47 6575
10 48 4002
10 49 6211
11 12 4230
11 13 9372
11 14 3695
11 15 4946
11 16 8445
11 17 931
11 18 611
11 19 1577
11 20 6103
11 21 559
11 22 6158
11 23 3014
11 24 4029
11 25 9443
11 26 3253
11 27 7165
11 28 9687
11 29 4629
11 30 7301
11 31 4974
11 32 4317
11 33 5205
11 34 7559
11 35 5881
11 36 5490
11 37 6233
11 38 500
11 39 4589
11 40 8643
11 41 5395
11 42 3482
11 43 6589
11 44 2406
11 45 9266
11 46 3121
11 47 1069
11 48 9853
11 49 2590
12 13 5301
12 14 1796
12 15 3390
12 16 5520
12 17 3923
12 18 3854
12 19 5308
12 20 1978
12 21 4702
12 22 1858
12 23 5801
12 24 6546
12 25 5238
12 26 920
12 27 5262
12 28 5687
12 29 2258
12 30 3669
12 31 3615
12 32 4401
12 33 1535
12 34 3423
12 35 6062
12 36 6352
12 37 6518
12 38 4710
12 39 2423
12 40 4999
12 41 7541
12 42 4718
12 43 2742
12 44 5921
12 45 5094
12 46 3203
12 47 4882
12 48 6946
12 49 5944
13 14 6229
13 15 6098
13 16 6882
13 17 9014
13 18 9193
13 19 10556
13 20 4529
13 21 9688
13 22 3907
13 23 11074
13 24 11782
13 25 2388
13 26 6335
13 27 7698
13 28 515
13 29 6399
13 30 4348
13 31 6632
13 32 7933
13 33 4835
13 34 2413
13 35 10248
13 36 10792
13 37 10003
13 38 9759
13 39 6689
13 40 4636
13 41 12455
13 42 9889
13 43 2995
13 44 11268
13 45 1022
13 46 7577
13 47 10367
13 48 6906
13 49 10763
14 15 2526
14 16 7204
14 17 3224
14 18 3136
14 19 4760
14 20 3316
14 21 4017
14 22 2824
14 23 5861
14 24 6914
14 25 6535
14 26 1453
14 27 6224
14 28 6793
14 29 3387
14 30 4926
14 31 2319
14 32 3115
14 33 2886
14 34 4431
14 35 7090
14 36 6959
14 37 6989
14 38 4188
14 39 3808
14 40 6277
14 41 7554
14 42 5006
14 43 3745
14 44 5502
14 45 5884
14 46 1768
14 47 4362
14 48 8081
14 49 5878
15 16 8561
15 17 5131
15 18 4661
15 19 6416
15 20 4402
15 21 5145
15 22 3240
15 23 7749
15 24 8538
15 25 6879
15 26 3453
15 27 8117
15 28 6232
15 29 5288
15 30 5976
15 31 906
15 32 2545
15 33 4141
15 34 4904
15 35 9221
15 36 9224
15 37 8961
15 38 5712
15 39 5631
15 40 7679
15 41 9904
15 42 6890
15 43 4422
15 44 7106
15 45 6186
15 46 2365
15 47 5787
15 48 9568
15 49 7204
16 17 7758
16 18 7563
16 19 8114
16 20 4300
16 21 8762
16 22 5962
16 23 7953
16 24 7768
16 25 5108
16 26 6026
16 27 1812
16 28 6870
16 29 4129
16 30 3090
16 31 8886
16 32 9862
16 33 4403
16 34 5375
16 35 5666
16 36 6377
16 37 4616
16 38 8497
16 39 3682
16 40 2475
16 41 7955
16 42 6160
16 43 5363
16 44 8398
16 45 5909
16 46 8638
16 47 8767
16 48 1708
16 49 7837
17 18 167
17 19 2082
17 20 5604
17 21 1123
17 22 5752
17 23 3034
17 24 4141
17 25 8667
17 26 3217
17 27 6547
17 28 9564
17 29 4084
17 30 6683
17 31 4772
17 32 4057
17 33 4751
17 34 6726
17 35 5430
17 36 5366
17 37 6241
17 38 1197
17 39 4484
17 40 8214
17 41 5309
17 42 3145
17 43 6566
17 44 2499
17 45 8707
17 46 2931
17 47 1503
17 48 9054
17 49 2951
18 19 2164
18 20 5119
18 21 1166
18 22 5535
18 23 3303
18 24 4150
18 25 8890
18 26 2760
18 27 6420
18 28 9368
18 29 4397
18 30 6423
18 31 4768
18 32 4016
18 33 4787
18 34 6760
18 35 5468
18 36 5381
18 37 6004
18 38 1076
18 39 4167
18 40 8211
18 41 5453
18 42 3185
18 43 6334
18 44 2901
18 45 8546
18 46 3256
18 47 1512
18 48 9083
18 49 2930
19 20 6422
19 21 1970
19 22 6946
19 23 1888
19 24 2676
19 25 9843
19 26 4531
19 27 7023
19 28 10808
19 29 4948
19 30 7647
19 31 6319
19 32 5690
19 33 6169
19 34 8198
19 35 4871
19 36 4290
19 37 5587
19 38 1435
19 39 5187
19 40 8750
19 41 4014
19 42 2164
19 43 7413
19 44 1012
19 45 10236
19 46 4758
19 47 1209
19 48 9424
19 49 1422
20 21 6449
20 22 1699
20 23 6939
20 24 7580
20 25 3669
20 26 2848
20 27 4425
20 28 4378
20 29 2219
20 30 1853
20 31 4743
20 32 5967
20 33 771
20 34 1812
20 35 6393
20 36 6914
20 37 6091
20 38 6073
20 39 2447
20 40 3313
20 41 8246
20 42 5591
20 43 1351
20 44 7005
20 45 3676
20 46 4996
20 47 6482
20 48 5505
20 49 6834
21 22 6240
21 23 3296
21 24 4623
21 25 9733
21 26 3771
21 27 7527
21 28 9952
21 29 5013
21 30 7663
21 31 4908
21 32 3946
21 33 5792
21 34 7676
21 35 5979
21 36 5838
21 37 6895
21 38 811
21 39 5043
21 40 9064
21 41 5837
21 42 3705
21 43 7333
21 44 2521
21 45 9565
21 46 3123
21 47 834
21 48 10004
21 49 3131
22 23 7768
22 24 8143
22 25 4011
22 26 3133
22 27 6164
22 28 4302
22 29 3513
22 30 3340
22 31 3479
22 32 4977
22 33 1880
22 34 1723
22 35 7942
22 36 8197
22 37 7576
22 38 6556
22 39 3650
22 40 4670
22 41 9212
22 42 6477
22 43 1339
22 44 7474
22 45 3549
22 46 3928
22 47 6542
22 48 6906
22 49 7664
23 24 1337
23 25 10020
23 26 5051
23 27 6142
23 28 10975
23 29 5022
23 30 7824
23 31 7919
23 32 7290
23 33 6612
23 34 8576
23 35 3413
23 36 2625
23 37 4314
23 38 2801
23 39 4919
23 40 8943
23 41 2371
23 42 1649
23 43 8208
23 44 1082
23 45 10494
23 46 6038
23 47 3094
23 48 8978
23 49 557
24 25 10763
24 26 5822
24 27 6420
24 28 11735
24 29 5837
24 30 8259
24 31 8669
24 32 8258
24 33 6832
24 34 9234
24 35 2922
24 36 2319
24 37 4054
24 38 3779
24 39 5465
24 40 8912
24 41 1205
24 42 2093
24 43 9029
24 44 2120
24 45 11217
24 46 6989
24 47 3842
24 48 8929
24 49 1720
25 26 6347
25 27 5781
25 28 2164
25 29 5074
25 30 2641
25 31 7494
25 32 8699
25 33 4273
25 34 2591
25 35 9254
25 36 9796
25 37 8529
25 38 9828
25 39 5324
25 40 2631
25 41 11083
25 42 8676
25 43 3004
25 44 10518
25 45 1843
25 46 7652
25 47 9890
25 48 5436
25 49 10502
26 27 4985
26 28 6662
26 29 2038
26 30 4146
26 31 3871
26 32 4409
26 33 2288
26 34 4341
26 35 5594
26 36 5671
26 37 5836
26 38 3878
26 39 2510
26 40 5590
26 41 6840
26 42 4152
26 43 3809
26 44 4828
26 45 5974
26 46 2917
26 47 4006
26 48 7396
26 49 5084
27 28 7721
27 29 3206
27 30 3412
27 31 8400
27 32 9294
27 33 4371
27 34 5866
27 35 4008
27 36 4990
27 37 3189
27 38 7489
27 39 3111
27 40 3558
27 41 6205
27 42 4709
27 43 5703
27 44 6806
27 45 6706
27 46 7746
27 47 7305
27 48 2877
27 49 6743
28 29 6458
28 30 4424
28 31 6639
28 32 8479
28 33 4865
28 34 3062
28 35 10919
28 36 11380
28 37 10023
28 38 10309
28 39 6744
28 40 4744
28 41 12549
28 42 9790
28 43 3599
28 44 11428
28 45 1037
28 46 7704
28 47 10327
28 48 7038
28 49 11356
29 30 2676
29 31 5768
29 32 6301
29 33 1950
29 34 4075
29 35 4680
29 36 5416
29 37 4282
29 38 5108
29 39 670
29 40 4413
29 41 6156
29 42 4038
29 43 3711
29 44 5339
29 45 5770
29 46 4579
29 47 5436
29 48 5300
29 49 5019
30 31 6657
30 32 7608
30 33 2161
30 34 2663
30 35 6539
30 36 7429
30 37 6116
30 38 7550
30 39 3018
30 40 1900
30 41 8678
30 42 6541
30 43 2283
30 44 7950
30 45 3566
30 46 6594
30 47 7739
30 48 3876
30 49 7805
31 32 1632
31 33 4735
31 34 5047
31 35 9081
31 36 9165
31 37 9515
31 38 5256
31 39 6150
31 40 8091
31 41 9532
31 42 7210
31 43 4937
31 44 7163
31 45 6276
31 46 1927
31 47 5508
31 48 10327
31 49 7273
32 33 5617
32 34 6608
32 35 9249
32 36 9003
32 37 9690
32 38 4826
32 39 6557
32 40 9205
32 41 9197
32 42 6689
32 43 6045
32 44 6328
32 45 8198
32 46 1877
32 47 4843
32 48 11150
32 49 6839
33 34 2454
33 35 6076
33 36 6686
33 37 5957
33 38 5594
33 39 2225
33 40 3730
33 41 7710
33 42 4910
33 43 2210
33 44 6493
33 45 4164
33 46 4610
33 47 6160
33 48 5881
33 49 6582
34 35 8287
34 36 8567
34 37 8045
34 38 7625
34 39 4171
34 40 3433
34 41 9848
34 42 7294
34 43 1067
34 44 8887
34 45 2218
34 46 5655
34 47 7835
34 48 5971
34 49 8526
35 36 1251
35 37 1356
35 38 5489
35 39 4336
35 40 7369
35 41 2659
35 42 2496
35 43 7723
35 44 4376
35 45 9708
35 46 8000
35 47 5675
35 48 6426
35 49 4005
36 37 2359
36 38 5291
36 39 4938
36 40 7892
36 41 1880
36 42 2352
36 43 8207
36 44 3723
36 45 10662
36 46 7595
36 47 5435
36 48 7391
36 49 3029
37 38 6242
37 39 3948
37 40 6695
37 41 3546
37 42 3648
37 43 7835
37 44 5471
37 45 9307
37 46 8298
37 47 6564
37 48 5347
37 49 4875
38 39 4997
38 40 8924
38 41 4915
38 42 3133
38 43 7138
38 44 2104
38 45 9598
38 46 3693
38 47 293
38 48 10048
38 49 2630
39 40 4423
39 41 6216
39 42 3740
39 43 4030
39 44 5571
39 45 5750
39 46 5060
39 47 5373
39 48 5310
39 49 4871
40 41 9669
40 42 7513
40 43 3978
40 44 9323
40 45 4127
40 46 7946
40 47 9370
40 48 2829
40 49 8952
41 42 2884
41 43 9360
41 44 3361
41 45 11608
41 46 8123
41 47 5170
41 48 8874
41 49 2714
42 43 6948
42 44 2338
42 45 9177
42 46 5780
42 47 3284
42 48 7534
42 49 1768
43 44 8210
43 45 2534
43 46 5239
43 47 7497
43 48 6019
43 49 8278
44 45 10640
44 46 5513
44 47 1796
44 48 9517
44 49 788
45 46 7505
45 47 9830
45 48 6410
45 49 10246
46 47 4010
46 48 9687
46 49 5907
47 48 10185
47 49 2208
48 49 9417
