# --------- Instancia para o programa mo420-network-design.e  ---------
# Gerado por ../bin/mo420-network-design-gera-entrada.e 4 50 100 20 80 5
# --------- Cabecalho com dados gerais ---------
nnodes nedges capacity gamma
50 1225 100 5
# --------- Dados referentes aos vertices ---------
nodename posx posy weight
0 7222 8018 58
1 1774 282 22
2 9770 2590 70
3 1261 9448 40
4 7486 2474 56
5 7209 5013 69
6 7122 3037 45
7 4962 7120 53
8 4701 3309 29
9 1616 1039 69
10 7747 9887 28
11 6301 5174 31
12 2698 149 28
13 2572 5685 62
14 7034 3521 53
15 4550 556 34
16 7624 1671 52
17 5365 2606 43
18 5177 2946 63
19 1020 434 69
20 7115 7486 51
21 9157 7010 30
22 6395 1701 67
23 6389 3291 48
24 7633 407 40
25 1420 1277 48
26 6870 8382 36
27 2699 8888 59
28 3564 8221 41
29 714 2602 26
30 8460 2470 68
31 8834 1456 75
32 4005 1808 34
33 6871 6670 63
34 9876 145 77
35 8594 6756 45
36 2293 4548 61
37 4370 4804 24
38 12 5198 70
39 8863 162 44
40 2888 9463 57
41 7273 2496 37
42 4125 2059 56
43 2191 3165 35
44 9205 6355 45
45 3344 4629 78
46 2505 6573 38
47 1956 3434 53
48 5136 9148 59
49 9681 3867 73
# --------- Dados referentes aas arestas ---------
endpoint1 endpoint2 distance
0 1 9525
0 2 6099
0 3 6139
0 4 5874
0 5 3349
0 6 5186
0 7 2534
0 8 5755
0 9 9292
0 10 2037
0 11 3091
0 12 9149
0 13 5686
0 14 4736
0 15 8369
0 16 6765
0 17 5804
0 18 5812
0 19 10296
0 20 872
0 21 2282
0 22 6736
0 23 4881
0 24 8087
0 25 9345
0 26 665
0 27 4738
0 28 3771
0 29 8587
0 30 5713
0 31 7252
0 32 7161
0 33 1400
0 34 8611
0 35 1999
0 36 6510
0 37 4772
0 38 8033
0 39 8217
0 40 5052
0 41 5781
0 42 7177
0 43 7328
0 44 2927
0 45 5519
0 46 5360
0 47 7147
0 48 2741
0 49 5216
1 2 8760
1 3 9676
1 4 6555
1 5 7540
1 6 6347
1 7 7544
1 8 4224
1 9 1258
1 10 11658
1 11 6907
1 12 1011
1 13 5528
1 14 6382
1 15 3120
1 16 6402
1 17 4639
1 18 4559
1 19 931
1 20 9011
1 21 10380
1 22 4983
1 23 5576
1 24 6115
1 25 1348
1 26 9887
1 27 8680
1 28 8429
1 29 2798
1 30 7227
1 31 7399
1 32 2931
1 33 8344
1 34 8201
1 35 9466
1 36 4655
1 37 5515
1 38 5429
1 39 7298
1 40 9727
1 41 6032
1 42 3385
1 43 2978
1 44 9815
1 45 4686
1 46 6621
1 47 3411
1 48 9876
1 49 8695
2 3 11223
2 4 2692
2 5 3661
2 6 2859
2 7 7087
2 8 5527
2 9 8705
2 10 7940
2 11 4354
2 12 7530
2 13 8126
2 14 3181
2 15 5999
2 16 2652
2 17 4571
2 18 5049
2 19 9293
2 20 5723
2 21 4476
2 22 3587
2 23 3609
2 24 3168
2 25 8781
2 26 6660
2 27 9604
2 28 8662
2 29 9486
2 30 1429
2 31 1661
2 32 5838
2 33 5242
2 34 2577
2 35 4450
2 36 7949
2 37 5961
2 38 10386
2 39 2876
2 40 9791
2 41 2587
2 42 6063
2 43 7704
2 44 4149
2 45 6821
2 46 8744
2 47 7983
2 48 8234
2 49 1655
3 4 9443
3 5 7716
3 6 8856
3 7 4558
3 8 7305
3 9 8575
3 10 6722
3 11 6648
3 12 9606
3 13 4422
3 14 8666
3 15 9481
3 16 10350
3 17 8235
3 18 8084
3 19 9085
3 20 6321
3 21 8603
3 22 9386
3 23 8402
3 24 11199
3 25 8572
3 26 6044
3 27 1658
3 28 2688
3 29 6999
3 30 10133
3 31 11182
3 32 8120
3 33 6744
3 34 12710
3 35 8089
3 36 5490
3 37 5729
3 38 4706
3 39 12466
3 40 1722
3 41 9687
3 42 8166
3 43 6540
3 44 8688
3 45 5707
3 46 3255
3 47 6527
3 48 4354
3 49 10493
4 5 2842
4 6 1113
4 7 5366
4 8 3175
4 9 6485
4 10 7779
4 11 3274
4 12 5629
4 13 5924
4 14 1406
4 15 3698
4 16 943
4 17 2588
4 18 2749
4 19 6780
4 20 5107
4 21 5032
4 22 1474
4 23 1845
4 24 2287
4 25 6400
4 26 6012
4 27 8435
4 28 7280
4 29 7117
4 30 1055
4 31 2186
4 32 3666
4 33 4438
4 34 3346
4 35 4874
4 36 5626
4 37 3950
4 38 8357
4 39 3190
4 40 8631
4 41 242
4 42 3435
4 43 5684
4 44 4511
4 45 4897
4 46 6536
4 47 6058
4 48 7085
4 49 2938
5 6 2466
5 7 3338
5 8 3123
5 9 7343
5 10 5105
5 11 946
5 12 6915
5 13 5175
5 14 1975
5 15 5470
5 16 3486
5 17 3475
5 18 3326
5 19 8104
5 20 2811
5 21 2993
5 22 3673
5 23 2048
5 24 5006
5 25 6965
5 26 3434
5 27 5992
5 28 4876
5 29 6974
5 30 2948
5 31 4242
5 32 4751
5 33 1941
5 34 5648
5 35 2436
5 36 5347
5 37 3191
5 38 7695
5 39 5377
5 40 6330
5 41 2883
5 42 4619
5 43 5574
5 44 2481
5 45 4066
5 46 5017
5 47 5978
5 48 4910
5 49 2874
6 7 4823
6 8 2677
6 9 6123
6 10 7252
6 11 2673
6 12 5306
6 13 5443
6 14 913
6 15 3909
6 16 1663
6 17 2296
6 18 2172
6 19 6887
6 20 4553
6 21 4823
6 22 1881
6 23 1024
6 24 2973
6 25 6150
6 26 5563
6 27 7336
6 28 6693
6 29 6896
6 30 1948
6 31 2575
6 32 3625
6 33 3907
6 34 4457
6 35 4267
6 36 5333
6 37 3442
6 38 7724
6 39 3409
6 40 7763
6 41 881
6 42 3629
6 43 4937
6 44 3927
6 45 4301
6 46 6294
6 47 5615
6 48 6454
6 49 3054
7 8 3977
7 9 7128
7 10 4319
7 11 2689
7 12 7487
7 13 3156
7 14 4372
7 15 6718
7 16 6186
7 17 4907
7 18 4285
7 19 7777
7 20 2333
7 21 4246
7 22 6020
7 23 4201
7 24 7647
7 25 7110
7 26 2604
7 27 2882
7 28 1981
7 29 6607
7 30 6119
7 31 7285
7 32 5517
7 33 2103
7 34 8682
7 35 3669
7 36 3803
7 37 2607
7 38 5528
7 39 8385
7 40 3275
7 41 5430
7 42 5171
7 43 4871
7 44 4500
7 45 3164
7 46 2897
7 47 4963
7 48 2237
7 49 5940
8 9 3930
8 10 7332
8 11 2645
8 12 3962
8 13 3661
8 14 2529
8 15 3139
8 16 3416
8 17 1049
8 18 1092
8 19 5046
8 20 5308
8 21 6040
8 22 2630
8 23 2099
8 24 4403
8 25 4076
8 26 5916
8 27 6040
8 28 5393
8 29 4484
8 30 4266
8 31 4932
8 32 2060
8 33 4249
8 34 6239
8 35 5429
8 36 3134
8 37 1630
8 38 5268
8 39 5578
8 40 6465
8 41 3169
8 42 1628
8 43 2798
8 44 5654
8 45 2351
8 46 4402
8 47 3237
8 48 6024
8 49 5405
9 10 11043
9 11 6492
9 12 1750
9 13 4782
9 14 6433
9 15 3261
9 16 6111
9 17 4428
9 18 4049
9 19 1165
9 20 8780
9 21 10024
9 22 4871
9 23 5529
9 24 6395
9 25 340
9 26 9397
9 27 8318
9 28 7665
9 29 2030
9 30 7458
9 31 7728
9 32 2880
9 33 8049
9 34 8465
9 35 9161
9 36 3678
9 37 5005
9 38 4571
9 39 7388
9 40 8801
9 41 6223
9 42 2978
9 43 2403
9 44 9522
9 45 4483
9 46 5606
9 47 2614
9 48 9291
9 49 9005
10 11 5225
10 12 11017
10 13 7061
10 14 6596
10 15 10108
10 16 8612
10 17 7843
10 18 7497
10 19 11888
10 20 2578
10 21 3601
10 22 8645
10 23 6872
10 24 9731
10 25 11010
10 26 1962
10 27 5586
10 28 4717
10 29 10385
10 30 7826
10 31 8809
10 32 9121
10 33 3795
10 34 10269
10 35 3520
10 36 8063
10 37 6313
10 38 9130
10 39 10155
10 40 4991
10 41 7593
10 42 8704
10 43 9042
10 44 4262
10 45 7226
10 46 6236
10 47 8814
10 48 2715
10 49 6576
11 12 6609
11 13 3949
11 14 2289
11 15 5108
11 16 4021
11 17 2898
11 18 2978
11 19 7395
11 20 2563
11 21 3445
11 22 3886
11 23 2300
11 24 5212
11 25 6698
11 26 3422
11 27 5566
11 28 4313
11 29 6550
11 30 3774
11 31 4724
11 32 4424
11 33 1856
11 34 6482
11 35 2954
11 36 4513
11 37 2373
11 38 6408
11 39 5835
11 40 5815
11 41 2901
11 42 4004
11 43 4810
11 44 3469
11 45 3183
11 46 4116
11 47 4978
11 48 4280
11 49 3683
12 13 6017
12 14 5676
12 15 2286
12 16 5238
12 17 3907
12 18 3769
12 19 2135
12 20 8625
12 21 9908
12 22 4095
12 23 4928
12 24 4951
12 25 1922
12 26 9592
12 27 8875
12 28 8172
12 29 3375
12 30 6600
12 31 6656
12 32 2202
12 33 7802
12 34 7182
12 35 9227
12 36 4492
12 37 5186
12 38 6045
12 39 6292
12 40 9702
12 41 5294
12 42 2650
12 43 3376
12 44 9084
12 45 4952
12 46 6760
12 47 3863
12 48 9592
12 49 8091
13 14 5374
13 15 5671
13 16 6876
13 17 4652
13 18 4040
13 19 5969
13 20 5355
13 21 6739
13 22 5758
13 23 4621
13 24 7736
13 25 4615
13 26 5135
13 27 3441
13 28 2805
13 29 4075
13 30 7193
13 31 7890
13 32 4545
13 33 4848
13 34 9650
13 35 6395
13 36 1478
13 37 2007
13 38 3021
13 39 8831
13 40 3968
13 41 5719
13 42 4285
13 43 2562
13 44 6822
13 45 1367
13 46 990
13 47 2373
13 48 4555
13 49 7692
14 15 4349
14 16 2350
14 17 2397
14 18 1949
14 19 6914
14 20 4163
14 21 4172
14 22 2305
14 23 1025
14 24 3175
14 25 6289
14 26 4881
14 27 7179
14 28 6038
14 29 6812
14 30 2053
14 31 2823
14 32 3628
14 33 3436
14 34 4801
14 35 3884
14 36 5109
14 37 3387
14 38 7300
14 39 4129
14 40 7353
14 41 1259
14 42 3337
14 43 5066
14 44 4033
14 45 4286
14 46 5510
14 47 5256
14 48 6049
14 49 2832
15 16 3383
15 17 2675
15 18 2954
15 19 3703
15 20 7868
15 21 8332
15 22 2467
15 23 3312
15 24 3529
15 25 3388
15 26 8437
15 27 8702
15 28 8058
15 29 4784
15 30 4587
15 31 4437
15 32 1408
15 33 6687
15 34 5665
15 35 7851
15 36 4849
15 37 4258
15 38 6931
15 39 4427
15 40 9525
15 41 3707
15 42 1780
15 43 3560
15 44 7563
15 45 4422
15 46 6363
15 47 4292
15 48 9022
15 49 6457
16 17 2490
16 18 2815
16 19 6740
16 20 6075
16 21 5667
16 22 1716
16 23 2489
16 24 1373
16 25 6376
16 26 6910
16 27 9100
16 28 7711
16 29 7113
16 30 1541
16 31 1707
16 32 3854
16 33 5196
16 34 2775
16 35 5220
16 36 6162
16 37 4654
16 38 8816
16 39 2304
16 40 9159
16 41 1226
16 42 3767
16 43 5715
16 44 5174
16 45 5486
16 46 7464
16 47 6096
16 48 7921
16 49 3047
17 18 410
17 19 5237
17 20 5500
17 21 6081
17 22 1587
17 23 1445
17 24 3360
17 25 4201
17 26 6381
17 27 7183
17 28 6365
17 29 4674
17 30 3219
17 31 3892
17 32 2027
17 33 4493
17 34 5462
17 35 5336
17 36 4011
17 37 2784
17 38 6357
17 39 4604
17 40 7707
17 41 2188
17 42 1853
17 43 3679
17 44 5618
17 45 3093
17 46 5181
17 47 3641
17 48 6752
17 49 4709
18 19 4929
18 20 5300
18 21 5782
18 22 1902
18 23 1434
18 24 3658
18 25 4271
18 26 6036
18 27 6762
18 28 5997
18 29 4856
18 30 3568
18 31 4310
18 32 2033
18 33 4113
18 34 5696
18 35 5595
18 36 3439
18 37 2255
18 38 5805
18 39 5018
18 40 6956
18 41 2144
18 42 1761
18 43 3304
18 44 5493
18 45 2614
18 46 4723
18 47 3639
18 48 6561
18 49 5091
19 20 9756
19 21 10502
19 22 5808
19 23 6406
19 24 6964
19 25 1072
19 26 10008
19 27 9027
19 28 8482
19 29 2628
19 30 8180
19 31 8167
19 32 3372
19 33 9049
19 34 9145
19 35 10069
19 36 4752
19 37 5783
19 38 5339
19 39 7903
19 40 9552
19 41 6601
19 42 3559
19 43 3066
19 44 10572
19 45 5132
19 46 6325
19 47 3541
19 48 9804
19 49 9590
20 21 2137
20 22 6084
20 23 4638
20 24 7110
20 25 8538
20 26 1309
20 27 4851
20 28 4098
20 29 8087
20 30 5407
20 31 6542
20 32 6888
20 33 1349
20 34 8334
20 35 1800
20 36 6058
20 37 4285
20 38 7537
20 39 7951
20 40 5165
20 41 5046
20 42 6487
20 43 6586
20 44 2470
20 45 5202
20 46 4863
20 47 7058
20 48 2594
20 49 4750
21 22 6339
21 23 4810
21 24 7088
21 25 9827
21 26 2732
21 27 6907
21 28 6069
21 29 9807
21 30 5027
21 31 5926
21 32 7432
21 33 2425
21 34 7132
21 35 663
21 36 7589
21 37 5671
21 38 9487
21 39 7209
21 40 7134
21 41 5122
21 42 7137
21 43 8373
21 44 842
21 45 6658
21 46 7110
21 47 8294
21 48 4620
21 49 3454
22 23 1954
22 24 1905
22 25 5120
22 26 6880
22 27 8265
22 28 7201
22 29 6046
22 30 2424
22 31 2703
22 32 2398
22 33 5049
22 34 3999
22 35 5973
22 36 5134
22 37 4140
22 38 7691
22 39 3102
22 40 8976
22 41 1631
22 42 2641
22 43 4741
22 44 5707
22 45 4490
22 46 6320
22 47 4812
22 48 7743
22 49 4159
23 24 3269
23 25 5620
23 26 5362
23 27 6974
23 28 5733
23 29 5907
23 30 2512
23 31 3434
23 32 2808
23 33 3540
23 34 4729
23 35 4220
23 36 4391
23 37 2749
23 38 6683
23 39 4334
23 40 7331
23 41 1282
23 42 2586
23 43 4529
23 44 4577
23 45 3715
23 46 5469
23 47 4904
23 48 6013
23 49 3814
24 25 6527
24 26 8404
24 27 9814
24 28 8908
24 29 7363
24 30 2510
24 31 1652
24 32 4049
24 33 6580
24 34 2652
24 35 6852
24 36 7122
24 37 5892
24 38 9264
24 39 1363
24 40 10382
24 41 2250
24 42 4264
24 43 6319
24 44 6618
24 45 6367
24 46 8329
24 47 6775
24 48 9379
24 49 4198
25 26 9371
25 27 8044
25 28 7393
25 29 1621
25 30 7455
25 31 7750
25 32 2689
25 33 7909
25 34 8928
25 35 9475
25 36 3443
25 37 4692
25 38 4467
25 39 8006
25 40 8355
25 41 6033
25 42 3047
25 43 2117
25 44 9604
25 45 4145
25 46 5789
25 47 2308
25 48 9161
25 49 8721
26 27 4548
26 28 3462
26 29 8646
26 30 6319
26 31 7453
26 32 7224
26 33 1998
26 34 8968
26 35 2436
26 36 6269
26 37 4405
26 38 7996
26 39 8912
26 40 4417
26 41 6103
26 42 7038
26 43 7087
26 44 3368
26 45 5326
26 46 4799
26 47 7172
26 48 2083
26 49 5806
27 28 1362
27 29 6914
27 30 8819
27 31 10017
27 32 7453
27 33 5024
27 34 11402
27 35 6545
27 36 4554
27 37 4537
27 38 4912
27 39 11121
27 40 684
27 41 8073
27 42 7347
27 43 5958
27 44 7168
27 45 4351
27 46 2396
27 47 5903
27 48 2873
27 49 8687
28 29 6406
28 30 7718
28 31 8583
28 32 6885
28 33 4051
28 34 10410
28 35 5683
28 36 3974
28 37 3897
28 38 4806
28 39 9987
28 40 1767
28 41 7135
28 42 6234
28 43 5724
28 44 6038
28 45 3815
28 46 2372
28 47 5461
28 48 2179
28 49 7544
29 30 7902
29 31 8493
29 32 3847
29 33 7583
29 34 9981
29 35 8924
29 36 2998
29 37 4283
29 38 2890
29 39 8539
29 40 7645
29 41 7022
29 42 3517
29 43 1996
29 44 9351
29 45 3545
29 46 4392
29 47 1731
29 48 7969
29 49 9059
30 31 1405
30 32 4538
30 33 4913
30 34 2853
30 35 4595
30 36 6596
30 37 4918
30 38 9176
30 39 2715
30 40 9207
30 41 1337
30 42 4465
30 43 6746
30 44 4179
30 45 5671
30 46 7415
30 47 6770
30 48 7853
30 49 2266
31 32 5325
31 33 5645
31 34 1773
31 35 5344
31 36 7640
31 37 5957
31 38 9725
31 39 1711
31 40 10164
31 41 2234
31 42 4767
31 43 6935
31 44 5251
31 45 6368
31 46 8340
31 47 7507
31 48 8972
31 49 3003
32 33 5947
32 34 6219
32 35 6837
32 36 3271
32 37 3284
32 38 5709
32 39 5186
32 40 8106
32 41 3649
32 42 441
32 43 2728
32 44 7046
32 45 3109
32 46 5159
32 47 2993
32 48 7512
32 49 6446
33 34 7518
33 35 1987
33 36 5318
33 37 3406
33 38 7183
33 39 7255
33 40 4999
33 41 4511
33 42 5433
33 43 6276
33 44 2485
33 45 4462
33 46 4532
33 47 6370
33 48 3265
33 49 4344
34 35 7179
34 36 9115
34 37 7532
34 38 11136
34 39 1166
34 40 11957
34 41 3718
34 42 6179
34 43 8693
34 44 6695
34 45 8175
34 46 10115
34 47 8955
34 48 10668
34 49 4014
35 36 6725
35 37 4758
35 38 8986
35 39 6840
35 40 6683
35 41 4783
35 42 6582
35 43 7696
35 44 832
35 45 5691
35 46 6511
35 47 7528
35 48 4699
35 49 3151
36 37 2304
36 38 2745
36 39 8252
36 40 5205
36 41 5510
36 42 3368
36 43 1621
36 44 7482
36 45 1434
36 46 2047
36 47 1627
36 48 5605
36 49 7891
37 38 4735
37 39 6527
37 40 4993
37 41 4151
37 42 3044
37 43 2858
37 44 5158
37 45 1226
37 46 3008
37 47 2884
37 48 4517
37 49 5775
38 39 10517
38 40 5434
38 41 8118
38 42 5596
38 43 3375
38 44 9543
38 45 3839
38 46 2984
38 47 2692
38 48 6858
38 49 10102
39 40 11258
39 41 2924
39 42 5143
39 43 7708
39 44 6530
39 45 7599
39 46 9106
39 47 8012
39 48 9805
39 49 3901
40 41 8505
40 42 7847
40 43 6821
40 44 7266
40 45 5181
40 46 3177
40 47 6372
40 48 2471
40 49 9024
41 42 3272
41 43 5392
41 44 4424
41 45 4901
41 46 6370
41 47 5876
41 48 7228
41 49 2992
42 43 2360
42 44 6662
42 45 3101
42 46 5127
42 47 2858
42 48 7531
42 49 6242
43 44 7839
43 45 2186
43 46 3839
43 47 410
43 48 6771
43 49 7895
44 45 6211
44 46 7166
44 47 7898
44 48 4942
44 49 2992
45 46 2297
45 47 2181
45 48 5012
45 49 6693
46 47 3539
46 48 4119
46 49 8030
47 48 6904
47 49 8001
48 49 7439
