# --------- Instancia para o programa mo420-network-design.e  ---------
# Gerado por ../bin/mo420-network-design-gera-entrada.e 3 50 100 20 80 5
# --------- Cabecalho com dados gerais ---------
nnodes nedges capacity gamma
50 1225 100 5
# --------- Dados referentes aos vertices ---------
nodename posx posy weight
0 416 1013 63
1 6601 4672 52
2 2327 7483 59
3 3176 7356 64
4 344 6856 47
5 7367 6800 72
6 611 4778 70
7 9262 4800 44
8 5756 4442 42
9 672 8550 43
10 3040 4645 39
11 7226 9421 26
12 6484 2342 71
13 2199 6764 66
14 815 4871 28
15 8413 9878 45
16 4908 9024 28
17 6794 6955 35
18 6653 7210 53
19 495 5056 72
20 2566 74 57
21 8558 9988 74
22 1486 3776 24
23 7292 9429 57
24 7415 7536 64
25 1335 3188 41
26 9883 1016 77
27 9525 6666 66
28 2403 8126 22
29 6076 6682 39
30 6345 6043 72
31 1085 552 30
32 5774 1086 74
33 2923 9463 53
34 6597 2609 78
35 905 4797 54
36 3680 3681 50
37 8818 3063 68
38 9470 8629 27
39 4147 5662 38
40 2166 3787 63
41 8225 1872 80
42 5324 9045 47
43 8334 4604 45
44 9404 2806 70
45 2778 6242 33
46 3839 7160 32
47 1197 7036 60
48 3582 7131 34
49 9221 9591 30
# --------- Dados referentes aas arestas ---------
endpoint1 endpoint2 distance
0 1 7296
0 2 7137
0 3 7049
0 4 6086
0 5 9116
0 6 3799
0 7 10075
0 8 6783
0 9 7798
0 10 4490
0 11 11146
0 12 6453
0 13 6446
0 14 4055
0 15 12272
0 16 9677
0 17 9217
0 18 9050
0 19 4230
0 20 2405
0 21 12318
0 22 3425
0 23 11179
0 24 10041
0 25 2574
0 26 9523
0 27 10759
0 28 7466
0 29 8164
0 30 7984
0 31 1120
0 32 5546
0 33 9259
0 34 6423
0 35 4168
0 36 4452
0 37 9129
0 38 11988
0 39 6420
0 40 3580
0 41 7987
0 42 9885
0 43 9074
0 44 9232
0 45 6077
0 46 7292
0 47 6386
0 48 7166
0 49 12648
1 2 5131
1 3 4847
1 4 6703
1 5 2325
1 6 6177
1 7 3103
1 8 950
1 9 7449
1 10 3698
1 11 5221
1 12 2703
1 13 5175
1 14 6006
1 15 5697
1 16 4835
1 17 2751
1 18 2590
1 19 6428
1 20 6274
1 21 6082
1 22 5555
1 23 5170
1 24 3420
1 25 5752
1 26 5402
1 27 3807
1 28 5591
1 29 2387
1 30 1788
1 31 6941
1 32 3915
1 33 6106
1 34 2325
1 35 5996
1 36 3102
1 37 3152
1 38 5356
1 39 2802
1 40 4818
1 41 3254
1 42 5010
1 43 1846
1 44 3468
1 45 4368
1 46 3871
1 47 5900
1 48 3938
1 49 5772
2 3 954
2 4 2510
2 5 5565
2 6 3584
2 7 7546
2 8 4827
2 9 2021
2 10 3016
2 11 5477
2 12 6897
2 13 947
2 14 3111
2 15 6901
2 16 3118
2 17 4811
2 18 4541
2 19 3502
2 20 7716
2 21 6852
2 22 3999
2 23 5575
2 24 5424
2 25 4842
2 26 10396
2 27 7659
2 28 796
2 29 4220
2 30 4728
2 31 7374
2 32 7345
2 33 2308
2 34 6889
2 35 3195
2 36 4200
2 37 8071
2 38 7699
2 39 2851
2 40 3873
2 41 8270
2 42 3424
2 43 6801
2 44 8865
2 45 1380
2 46 1703
2 47 1308
2 48 1394
2 49 7680
3 4 3322
3 5 4575
3 6 4014
3 7 6866
3 8 4217
3 9 3207
3 10 2754
3 11 5015
3 12 6403
3 13 1597
3 14 3847
3 15 5814
3 16 2881
3 17 3772
3 18 3724
3 19 3583
3 20 7731
3 21 6122
3 22 4029
3 23 5027
3 24 4536
3 25 4980
3 26 9355
3 27 6848
3 28 1588
3 29 3014
3 30 3449
3 31 7123
3 32 6787
3 33 2299
3 34 6250
3 35 3756
3 36 3760
3 37 7196
3 38 6630
3 39 2113
3 40 3970
3 41 7513
3 42 3226
3 43 6175
3 44 7898
3 45 1337
3 46 973
3 47 2484
3 48 877
3 49 6552
4 5 7363
4 6 2426
4 7 9462
4 8 6250
4 9 2056
4 10 3946
4 11 7400
4 12 7663
4 13 1962
4 14 2051
4 15 8636
4 16 5150
4 17 6734
4 18 6614
4 19 2245
4 20 7448
4 21 8938
4 22 3574
4 23 7894
4 24 7516
4 25 4151
4 26 11238
4 27 9320
4 28 2913
4 29 5868
4 30 6179
4 31 6659
4 32 8203
4 33 4066
4 34 7628
4 35 2471
4 36 5069
4 37 9768
4 38 9473
4 39 4361
4 40 3642
4 41 9469
4 42 5663
4 43 8561
4 44 9937
4 45 2619
4 46 3947
4 47 1270
4 48 3445
4 49 9417
5 6 7544
5 7 2760
5 8 3299
5 9 7030
5 10 5173
5 11 3081
5 12 4629
5 13 5347
5 14 7310
5 15 3462
5 16 3656
5 17 800
5 18 1020
5 19 7205
5 20 8641
5 21 3618
5 22 7061
5 23 2737
5 24 771
5 25 7464
5 26 6658
5 27 2385
5 28 5341
5 29 1705
5 30 1421
5 31 9109
5 32 6096
5 33 5494
5 34 4523
5 35 7173
5 36 4886
5 37 4392
5 38 3159
5 39 3728
5 40 6421
5 41 5026
5 42 3484
5 43 2506
5 44 4917
5 45 5071
5 46 3843
5 47 6483
5 48 4076
5 49 3837
6 7 8680
6 8 5585
6 9 4036
6 10 2462
6 11 8307
6 12 6627
6 13 2551
6 14 228
6 15 9573
6 16 6258
6 17 6857
6 18 6683
6 19 740
6 20 5296
6 21 9648
6 22 1726
6 23 8452
6 24 7750
6 25 1759
6 26 10353
6 27 9239
6 28 4228
6 29 5892
6 30 5993
6 31 4499
6 32 6490
6 33 5612
6 34 6652
6 35 309
6 36 3529
6 37 8575
6 38 9942
6 39 4119
6 40 1894
6 41 8327
6 42 6463
6 43 7915
6 44 9083
6 45 2893
6 46 4245
6 47 2407
6 48 3936
6 49 10012
7 8 3893
7 9 9513
7 10 6645
7 11 5231
7 12 4078
7 13 7355
7 14 8674
7 15 5443
7 16 6408
7 17 3496
7 18 3881
7 19 8782
7 20 8620
7 21 5461
7 22 7967
7 23 5306
7 24 3555
7 25 8486
7 26 4259
7 27 1891
7 28 7647
7 29 3878
7 30 3459
7 31 9658
7 32 5185
7 33 8226
7 34 3689
7 35 8623
7 36 5767
7 37 2142
7 38 4248
7 39 5619
7 40 7403
7 41 3427
7 42 6196
7 43 1230
7 44 2266
7 45 6914
7 46 6199
7 47 8838
7 48 6603
7 49 4949
8 9 6549
8 10 3161
8 11 5208
8 12 2637
8 13 4537
8 14 4974
8 15 6148
8 16 4835
8 17 2968
8 18 3029
8 19 5640
8 20 5709
8 21 6461
8 22 4732
8 23 5463
8 24 3592
8 25 4883
8 26 5537
8 27 4648
8 28 5183
8 29 2401
8 30 1705
8 31 6255
8 32 3410
8 33 5953
8 34 2397
8 35 5162
8 36 2280
8 37 3746
8 38 5943
8 39 2477
8 40 3751
8 41 4041
8 42 4688
8 43 2734
8 44 4224
8 45 3510
8 46 3426
8 47 5424
8 48 3647
8 49 6628
9 10 4712
9 11 6670
9 12 8953
9 13 2816
9 14 3786
9 15 8070
9 16 4627
9 17 6787
9 18 6201
9 19 3735
9 20 8790
9 21 8509
9 22 5129
9 23 6991
9 24 7140
9 25 5426
9 26 12299
9 27 9537
9 28 2012
9 29 6137
9 30 6363
9 31 8131
9 32 9132
9 33 2626
9 34 8633
9 35 3805
9 36 5803
9 37 10264
9 38 9134
9 39 4648
9 40 5453
9 41 10556
9 42 5069
9 43 8894
9 44 10645
9 45 3373
9 46 3772
9 47 1938
9 48 3326
9 49 8769
10 11 6510
10 12 4303
10 13 2765
10 14 2693
10 15 7685
10 16 5057
10 17 4419
10 18 4502
10 19 2980
10 20 4667
10 21 8105
10 22 2105
10 23 6754
10 24 5306
10 25 2737
10 26 8160
10 27 6871
10 28 3636
10 29 3665
10 30 3868
10 31 4954
10 32 4901
10 33 5290
10 34 4133
10 35 2535
10 36 1293
10 37 6462
10 38 7815
10 39 1653
10 40 1436
10 41 5894
10 42 5330
10 43 5662
10 44 7018
10 45 1708
10 46 3040
10 47 3503
10 48 2858
10 49 8293
11 12 7124
11 13 6013
11 14 8285
11 15 1587
11 16 2498
11 17 2752
11 18 2459
11 19 8498
11 20 10590
11 21 1673
11 22 8483
11 23 190
11 24 2343
11 25 8917
11 26 8937
11 27 3946
11 28 5345
11 29 3270
11 30 3976
11 31 11269
11 32 8472
11 33 4495
11 34 6950
11 35 8083
11 36 7090
11 37 6672
11 38 2720
11 39 5013
11 40 7696
11 41 7903
11 42 2217
11 43 5119
11 44 7214
11 45 5787
11 46 4501
11 47 6957
11 48 4721
11 49 2047
12 13 6579
12 14 6221
12 15 7820
12 16 7303
12 17 5083
12 18 5333
12 19 6648
12 20 4824
12 21 8413
12 22 5452
12 23 7256
12 24 5596
12 25 5508
12 26 3733
12 27 5326
12 28 7245
12 29 4774
12 30 3996
12 31 5911
12 32 1886
12 33 8070
12 34 669
12 35 6188
12 36 3415
12 37 2746
12 38 7078
12 39 4531
12 40 4594
12 41 1919
12 42 6875
12 43 2972
12 44 3027
12 45 5826
12 46 5558
12 47 7442
12 48 5802
12 49 8007
13 14 2530
13 15 7331
13 16 3721
13 17 4658
13 18 4797
13 19 2532
13 20 7177
13 21 7584
13 22 3250
13 23 6212
13 24 5466
13 25 4036
13 26 9705
13 27 7379
13 28 1751
13 29 4110
13 30 4320
13 31 6373
13 32 7080
13 33 2934
13 34 6411
13 35 2815
13 36 3465
13 37 7588
13 38 7632
13 39 2707
13 40 3111
13 41 8104
13 42 4249
13 43 6827
13 44 8714
13 45 1137
13 46 1700
13 47 1192
13 48 1929
13 49 7586
14 15 9585
14 16 6262
14 17 6389
14 18 6358
14 19 611
14 20 5505
14 21 9285
14 22 1506
14 23 8239
14 24 7435
14 25 1882
14 26 9993
14 27 9103
14 28 3830
14 29 5756
14 30 5675
14 31 4390
14 32 6413
14 33 5139
14 34 6687
14 35 523
14 36 3486
14 37 8340
14 38 9683
14 39 3592
14 40 1813
14 41 8400
14 42 6518
14 43 7931
14 44 9181
14 45 2407
14 46 3892
14 47 2644
14 48 3592
14 49 10076
15 16 3943
15 17 3818
15 18 3559
15 19 9273
15 20 11711
15 21 421
15 22 9391
15 23 1407
15 24 2814
15 25 9873
15 26 9379
15 27 3399
15 28 6696
15 29 4350
15 30 4721
15 31 12344
15 32 9525
15 33 5616
15 34 7611
15 35 9527
15 36 7933
15 37 7084
15 38 1904
15 39 6009
15 40 9136
15 41 8157
15 42 3300
15 43 5620
15 44 7488
15 45 7151
15 46 5388
15 47 8195
15 48 5864
15 49 933
16 17 3146
16 18 2559
16 19 6325
16 20 9303
16 21 3923
16 22 6505
16 23 2881
16 24 3060
16 25 7024
16 26 9670
16 27 5331
16 28 2852
16 29 2848
16 30 3346
16 31 9404
16 32 8223
16 33 2201
16 34 6988
16 35 6231
16 36 5624
16 37 7294
16 38 4836
16 39 3711
16 40 6129
16 41 7942
16 42 600
16 43 5778
16 44 7721
16 45 3716
16 46 2618
16 47 4579
16 48 2467
16 49 4817
17 18 496
17 19 6740
17 20 8437
17 21 3899
17 22 6411
17 23 2872
17 24 1064
17 25 7099
17 26 7129
17 27 2952
17 28 4582
17 29 1223
17 30 1420
17 31 8630
17 32 6107
17 33 4921
17 34 4593
17 35 6580
17 36 4926
17 37 4603
17 38 3275
17 39 3323
17 40 5984
17 41 5551
17 42 2678
17 43 3278
17 44 5090
17 45 4566
17 46 3432
17 47 5884
17 48 3497
17 49 3930
18 19 6639
18 20 8558
18 21 3565
18 22 6512
18 23 2690
18 24 1297
18 25 6725
18 26 7241
18 27 3228
18 28 4771
18 29 1005
18 30 1207
18 31 8762
18 32 6486
18 33 4686
18 34 4897
18 35 6718
18 36 5096
18 37 5039
18 38 3219
18 39 3181
18 40 5867
18 41 5752
18 42 2302
18 43 3584
18 44 5294
18 45 4463
18 46 3292
18 47 5809
18 48 3216
18 49 3998
19 20 5722
19 21 9920
19 22 1644
19 23 8327
19 24 7550
19 25 2342
19 26 10640
19 27 9416
19 28 4082
19 29 5893
19 30 6157
19 31 4694
19 32 6982
19 33 5154
19 34 6851
19 35 513
19 36 3553
19 37 8829
19 38 10139
19 39 4058
19 40 2409
19 41 8813
19 42 6556
19 43 7922
19 44 9228
19 45 2950
19 46 4144
19 47 2336
19 48 3719
19 49 10290
20 21 11740
20 22 4299
20 23 10829
20 24 9096
20 25 3496
20 26 7602
20 27 9999
20 28 8469
20 29 7948
20 30 7351
20 31 1822
20 32 3611
20 33 9895
20 34 4942
20 35 5056
20 36 4084
20 37 7327
20 38 11301
20 39 5997
20 40 3921
20 41 6228
20 42 9478
20 43 7612
20 44 7622
20 45 6275
20 46 7699
20 47 7156
20 48 7387
20 49 12037
21 22 9553
21 23 1702
21 24 2815
21 25 10133
21 26 9493
21 27 3722
21 28 6503
21 29 4159
21 30 4975
21 31 12307
21 32 9662
21 33 6057
21 34 7934
21 35 9408
21 36 8135
21 37 7293
21 38 1947
21 39 6257
21 40 9397
21 41 8609
21 42 3677
21 43 5888
21 44 7559
21 45 7233
21 46 5648
21 47 8247
21 48 5913
21 49 911
22 23 8314
22 24 7358
22 25 1078
22 26 9289
22 27 8556
22 28 4640
22 29 5903
22 30 5590
22 31 3437
22 32 5316
22 33 6097
22 34 5634
22 35 1521
22 36 2365
22 37 7691
22 38 9840
22 39 3595
22 40 1023
22 41 7212
22 42 6650
22 43 6988
22 44 8432
22 45 2791
22 46 4312
22 47 3683
22 48 4035
22 49 9783
23 24 2180
23 25 9073
23 26 8990
23 27 3630
23 28 5096
23 29 3337
23 30 3916
23 31 11239
23 32 8605
23 33 4778
23 34 6943
23 35 7975
23 36 7244
23 37 6589
23 38 2778
23 39 5293
23 40 7737
23 41 7997
23 42 2261
23 43 5434
23 44 7325
23 45 5882
23 46 4483
23 47 7024
23 48 4821
23 49 2351
24 25 7915
24 26 7329
24 27 2598
24 28 5496
24 29 1792
24 30 1990
24 31 9719
24 32 6713
24 33 5342
24 34 5416
24 35 7260
24 36 5766
24 37 5063
24 38 2776
24 39 3850
24 40 6821
24 41 6071
24 42 2743
24 43 3550
24 44 5354
24 45 5015
24 46 3639
24 47 6306
24 48 4134
24 49 3119
25 26 9257
25 27 9141
25 28 5273
25 29 5979
25 30 5815
25 31 2647
25 32 5325
25 33 6904
25 34 5778
25 35 2065
25 36 2814
25 37 7681
25 38 10013
25 39 4167
25 40 1429
25 41 7245
25 42 7260
25 43 7449
25 44 8184
25 45 3775
25 46 4795
25 47 4041
25 48 4567
25 49 10268
26 27 5920
26 28 10498
26 29 7166
26 30 6358
26 31 9065
26 32 4589
26 33 11410
26 34 3677
26 35 10167
26 36 6788
26 37 2401
26 38 7825
26 39 7471
26 40 8354
26 41 1956
26 42 9467
26 43 4030
26 44 2059
26 45 9015
26 46 8924
26 47 10907
26 48 8983
26 49 8904
27 28 7537
27 29 3566
27 30 3576
27 31 10768
27 32 7164
27 33 7333
27 34 5385
27 35 9029
27 36 6586
27 37 3952
27 38 2162
27 39 5548
27 40 8337
27 41 5316
27 42 5104
27 43 2666
27 44 4000
27 45 6793
27 46 5825
27 47 8386
27 48 6215
27 49 3068
28 29 4276
28 30 4647
28 31 7693
28 32 8211
28 33 1546
28 34 7112
28 35 4107
28 36 4628
28 37 8275
28 38 7441
28 39 3086
28 40 4673
28 41 8591
28 42 3535
28 43 7386
28 44 8866
28 45 2146
28 46 2229
28 47 1996
28 48 1621
28 49 7377
29 30 746
29 31 8311
29 32 5762
29 33 4672
29 34 4416
29 35 5517
29 36 4333
29 37 4552
29 38 4126
29 39 2647
29 40 5077
29 41 5428
29 42 2842
29 43 3256
29 44 5159
29 45 3683
29 46 2314
29 47 5008
29 48 2837
29 49 4287
30 31 7910
30 32 5391
30 33 5092
30 34 3855
30 35 5685
30 36 3753
30 37 4278
30 38 4155
30 39 2573
30 40 5199
30 41 4938
30 42 3567
30 43 2596
30 44 4621
30 45 4037
30 46 2819
30 47 5263
30 48 3453
30 49 4750
31 32 5144
31 33 9280
31 34 6209
31 35 4653
31 36 4558
31 37 8476
31 38 11686
31 39 6395
31 40 3428
31 41 7342
31 42 9946
31 43 8485
31 44 9060
31 45 5957
31 46 7183
31 47 6498
31 48 7114
31 49 12497
32 33 9076
32 34 2132
32 35 6375
32 36 3428
32 37 4079
32 38 8629
32 39 5086
32 40 4973
32 41 2994
32 42 8345
32 43 4386
32 44 4372
32 45 5998
32 46 6874
32 47 7854
32 48 6745
32 49 9546
33 34 7902
33 35 5406
33 36 6037
33 37 8727
33 38 6725
33 39 4016
33 40 6203
33 41 9624
33 42 2739
33 43 7280
33 44 9576
33 45 3515
33 46 2789
33 47 3092
33 48 2918
33 49 6519
34 35 6495
34 36 3180
34 37 2444
34 38 6899
34 39 4092
34 40 5005
34 41 1882
34 42 6775
34 43 3096
34 44 3213
34 45 5648
34 46 5447
34 47 7329
34 48 5492
34 49 7610
35 36 3215
35 37 8180
35 38 9581
35 39 3599
35 40 1829
35 41 7999
35 42 6140
35 43 7696
35 44 8870
35 45 2823
35 46 4206
35 47 2587
35 48 3611
35 49 9772
36 37 5272
36 38 7961
36 39 2048
36 40 1645
36 41 4922
36 42 5692
36 43 5172
36 44 6170
36 45 2938
36 46 3866
36 47 4397
36 48 3912
36 49 8517
37 38 5936
37 39 5647
37 40 7084
37 41 1475
37 42 7269
37 43 1776
37 44 887
37 45 7153
37 46 6525
37 47 8863
37 48 6898
37 49 6891
38 39 6533
38 40 9169
38 41 6961
38 42 4482
38 43 4415
38 44 6220
38 45 7323
38 46 5923
38 47 8726
38 48 6306
38 49 999
39 40 2756
39 41 6019
39 42 3735
39 43 4488
39 44 6166
39 45 1673
39 46 1588
39 47 3281
39 48 1756
39 49 6749
40 41 6684
40 42 6390
40 43 6271
40 44 7347
40 45 3025
40 46 4150
40 47 3532
40 48 3847
40 49 9177
41 42 8182
41 43 3186
41 44 1773
41 45 7057
41 46 6944
41 47 8765
41 48 7323
41 49 8137
42 43 5465
42 44 7526
42 45 3972
42 46 2524
42 47 4619
42 48 2741
42 49 4235
43 44 2319
43 45 5971
43 46 5484
43 47 7828
43 48 5396
43 49 5532
44 45 7852
44 46 7287
44 47 9546
44 48 7695
44 49 7006
45 46 1853
45 47 1905
45 48 1563
45 49 7307
46 47 2910
46 48 274
46 49 6301
47 48 2847
47 49 8618
48 49 6444
