# --------- Instancia para o programa mo420-network-design.e  ---------
# Gerado por ../bin/mo420-network-design-gera-entrada.e 3 20 100 20 80 2
# --------- Cabecalho com dados gerais ---------
nnodes nedges capacity gamma
20 190 100 2
# --------- Dados referentes aos vertices ---------
nodename posx posy weight
0 416 1013 63
1 6601 4672 52
2 2327 7483 59
3 3176 7356 64
4 344 6856 47
5 7367 6800 72
6 611 4778 70
7 9262 4800 44
8 5756 4442 42
9 672 8550 43
10 3040 4645 39
11 7226 9421 26
12 6484 2342 71
13 2199 6764 66
14 815 4871 28
15 8413 9878 45
16 4908 9024 28
17 6794 6955 35
18 6653 7210 53
19 495 5056 72
# --------- Dados referentes aas arestas ---------
endpoint1 endpoint2 distance
0 1 7247
0 2 7240
0 3 7219
0 4 5912
0 5 9531
0 6 3940
0 7 9652
0 8 6820
0 9 7746
0 10 4927
0 11 11277
0 12 6648
0 13 6381
0 14 3966
0 15 12163
0 16 9480
0 17 9168
0 18 8861
0 19 4362
1 2 5416
1 3 4637
1 4 6813
1 5 2603
1 6 6015
1 7 2761
1 8 1294
1 9 7148
1 10 3562
1 11 4925
1 12 2408
1 13 5242
1 14 6110
1 15 6006
1 16 4782
1 17 2557
1 18 2599
1 19 6492
2 3 1225
2 4 2193
2 5 5130
2 6 3664
2 7 7839
2 8 4880
2 9 2305
2 10 3124
2 11 5576
2 12 6855
2 13 877
2 14 3059
2 15 6953
2 16 3169
2 17 4754
2 18 4822
2 19 3404
3 4 2976
3 5 4675
3 6 4083
3 7 6987
3 8 4205
3 9 2822
3 10 2933
3 11 4738
3 12 6216
3 13 1441
3 14 3505
3 15 6011
3 16 2645
3 17 3673
3 18 3825
3 19 3619
4 5 7369
4 6 2496
4 7 9211
4 8 6421
4 9 2012
4 10 3866
4 11 7415
4 12 8103
4 13 1877
4 14 2326
4 15 8819
4 16 5263
4 17 6827
4 18 6381
4 19 2149
5 6 7264
5 7 2989
5 8 3004
5 9 7285
5 10 5201
5 11 2734
5 12 4935
5 13 5300
5 14 7073
5 15 3322
5 16 3344
5 17 1046
5 18 1260
5 19 7346
6 7 8661
6 8 5482
6 9 4014
6 10 2857
6 11 8258
6 12 6691
6 13 3035
6 14 724
6 15 9579
6 16 6227
6 17 6614
6 18 6714
6 19 764
7 8 3836
7 9 9846
7 10 6436
7 11 5105
7 12 3748
7 13 7411
7 14 8601
7 15 5357
7 16 6374
7 17 3464
7 18 3996
7 19 8810
8 9 6889
8 10 2960
8 11 5672
8 12 2379
8 13 4706
8 14 5260
8 15 6181
8 16 5132
8 17 3098
8 18 2976
8 19 5636
9 10 4823
9 11 6924
9 12 8782
9 13 2705
9 14 3697
9 15 8350
9 16 4338
9 17 6390
9 18 6316
9 19 3937
10 11 6425
10 12 4508
10 13 2416
10 14 2668
10 15 7871
10 16 5062
10 17 4624
10 18 4615
10 19 2743
11 12 7577
11 13 5737
11 14 8171
11 15 1428
11 16 2769
11 17 2866
11 18 2648
11 19 8465
12 13 6438
12 14 6696
12 15 8046
12 16 7020
12 17 4933
12 18 5264
12 19 6632
13 14 2579
13 15 7017
13 16 3789
13 17 4897
13 18 4494
13 19 2825
14 15 9568
14 16 5986
14 17 6627
14 18 6307
14 19 824
15 16 3719
15 17 3442
15 18 3432
15 19 9424
16 17 2801
16 18 2562
16 19 6133
17 18 387
17 19 7010
18 19 7002
