# --------- Instancia para o programa mo420-network-design.e  ---------
# Gerado por ../bin/mo420-network-design-gera-entrada.e 5 50 100 20 80 5
# --------- Cabecalho com dados gerais ---------
nnodes nedges capacity gamma
50 1225 100 5
# --------- Dados referentes aos vertices ---------
nodename posx posy weight
0 4027 5022 50
1 8028 4813 56
2 7212 8778 23
3 9347 1539 74
4 4627 8093 65
5 5971 4306 66
6 3632 1296 23
7 1742 8360 62
8 3646 1096 77
9 2560 4609 37
10 2453 4048 75
11 5376 2007 33
12 8913 6877 46
13 2945 5686 58
14 4332 1091 78
15 687 1235 23
16 9260 5399 73
17 5016 9338 48
18 3701 8683 76
19 1545 5813 66
20 1663 3817 42
21 8676 4032 50
22 223 9627 49
23 5486 6074 39
24 6771 3279 74
25 2585 9367 55
26 2777 4667 56
27 5874 1109 55
28 4725 8316 63
29 6433 8523 74
30 1654 7818 64
31 5502 1280 59
32 3316 2530 52
33 1898 2797 76
34 2074 7682 76
35 5202 8715 36
36 9827 6495 72
37 1002 5465 41
38 555 1767 52
39 4658 5743 50
40 3610 4058 51
41 7401 3120 58
42 2926 6154 65
43 4969 1726 25
44 9006 983 20
45 3910 4096 62
46 91 5986 41
47 2715 8753 46
48 6690 2244 23
49 9061 7064 58
# --------- Dados referentes aas arestas ---------
endpoint1 endpoint2 distance
0 1 4272
0 2 5240
0 3 6745
0 4 3534
0 5 2439
0 6 4125
0 7 4299
0 8 4335
0 9 1949
0 10 2032
0 11 3428
0 12 5378
0 13 1311
0 14 3984
0 15 5103
0 16 5565
0 17 4842
0 18 4105
0 19 2914
0 20 3001
0 21 4754
0 22 6241
0 23 2151
0 24 3706
0 25 4766
0 26 1561
0 27 4807
0 28 3502
0 29 4589
0 30 3764
0 31 4203
0 32 2987
0 33 3151
0 34 3364
0 35 4293
0 36 6460
0 37 3275
0 38 5186
0 39 1136
0 40 1216
0 41 4007
0 42 1782
0 43 3723
0 44 6521
0 45 1083
0 46 4396
0 47 3973
0 48 4308
0 49 5607
1 2 4407
1 3 3772
1 4 4768
1 5 2223
1 6 6106
1 7 7279
1 8 5952
1 9 5828
1 10 5938
1 11 3912
1 12 2278
1 13 5242
1 14 5438
1 15 8390
1 16 1725
1 17 5699
1 18 5976
1 19 6573
1 20 6621
1 21 1127
1 22 9608
1 23 3108
1 24 2303
1 25 7146
1 26 5400
1 27 4314
1 28 4988
1 29 4472
1 30 7286
1 31 4772
1 32 5458
1 33 6729
1 34 7044
1 35 4897
1 36 2659
1 37 7493
1 38 8515
1 39 3502
1 40 4891
1 41 2250
1 42 5448
1 43 4363
1 44 4036
1 45 4321
1 46 8445
1 47 6619
1 48 3386
1 49 2806
2 3 8041
2 4 3055
2 5 4934
2 6 8762
2 7 5837
2 8 8793
2 9 6250
2 10 7107
2 11 7112
2 12 2610
2 13 5381
2 14 8444
2 15 10406
2 16 4222
2 17 2285
2 18 3690
2 19 6497
2 20 7700
2 21 5358
2 22 7284
2 23 3526
2 24 5909
2 25 4888
2 26 6463
2 27 8140
2 28 2946
2 29 1044
2 30 5656
2 31 7992
2 32 7579
2 33 8486
2 34 5351
2 35 2351
2 36 3746
2 37 7069
2 38 9774
2 39 4259
2 40 6141
2 41 5709
2 42 5267
2 43 7468
2 44 8299
2 45 5829
2 46 7908
2 47 4652
2 48 6871
2 49 2552
3 4 8568
3 5 4611
3 6 5930
3 7 10321
3 8 6177
3 9 7587
3 10 7487
3 11 4363
3 12 5600
3 13 8048
3 14 5400
3 15 8918
3 16 4235
3 17 9054
3 18 9596
3 19 8980
3 20 8137
3 21 2882
3 22 12560
3 23 6068
3 24 3345
3 25 10467
3 26 7319
3 27 3768
3 28 8613
3 29 7794
3 30 10127
3 31 3944
3 32 6364
3 33 7596
3 34 9684
3 35 8761
3 36 5145
3 37 9650
3 38 8891
3 39 6314
3 40 6447
3 41 2941
3 42 8398
3 43 4678
3 44 1043
3 45 6268
3 46 10485
3 47 10265
3 48 2770
3 49 5960
4 5 4502
4 6 7171
4 7 2997
4 8 7524
4 9 4353
4 10 4856
4 11 6474
4 12 4525
4 13 3192
4 14 7276
4 15 8025
4 16 5519
4 17 1693
4 18 1587
4 19 3895
4 20 5555
4 21 6232
4 22 5148
4 23 2417
4 24 5539
4 25 2490
4 26 3983
4 27 7572
4 28 395
4 29 2162
4 30 3023
4 31 7302
4 32 6180
4 33 6202
4 34 3034
4 35 1159
4 36 5795
4 37 4614
4 38 7651
4 39 2474
4 40 4367
4 41 5853
4 42 2701
4 43 6558
4 44 8623
4 45 4407
4 46 5483
4 47 2267
4 48 6279
4 49 4599
5 6 4297
5 7 6116
5 8 4202
5 9 3776
5 10 3591
5 11 2719
5 12 4133
5 13 3372
5 14 4074
5 15 6213
5 16 3615
5 17 5299
5 18 5341
5 19 4870
5 20 4378
5 21 2911
5 22 7909
5 23 2008
5 24 1776
5 25 6561
5 26 3713
5 27 3568
5 28 4539
5 29 4674
5 30 5896
5 31 3477
5 32 3469
5 33 4782
5 34 5342
5 35 4735
5 36 4696
5 37 5408
5 38 6100
5 39 2385
5 40 2471
5 41 2064
5 42 4058
5 43 2861
5 44 4972
5 45 2234
5 46 6443
5 47 5940
5 48 2476
5 49 4202
6 7 7443
6 8 500
6 9 3502
6 10 3210
6 11 1924
6 12 7713
6 13 4792
6 14 1068
6 15 3365
6 16 7162
6 17 8579
6 18 7419
6 19 5290
6 20 3452
6 21 6064
6 22 9327
6 23 5311
6 24 3891
6 25 8492
6 26 3556
6 27 2626
6 28 7485
6 29 8092
6 30 6934
6 31 2113
6 32 1680
6 33 2437
6 34 6714
6 35 7856
6 36 8117
6 37 5330
6 38 3415
6 39 4685
6 40 3095
6 41 4401
6 42 5003
6 43 1471
6 44 5584
6 45 2939
6 46 6099
6 47 7552
6 48 3613
6 49 8252
7 8 7957
7 9 4074
7 10 4488
7 11 7537
7 12 7770
7 13 3392
7 14 7929
7 15 7692
7 16 8483
7 17 3447
7 18 2368
7 19 2574
7 20 4666
7 21 8300
7 22 2183
7 23 4593
7 24 7239
7 25 1725
7 26 4292
7 27 8608
7 28 3109
7 29 5074
7 30 614
7 31 8422
7 32 6436
7 33 5740
7 34 1068
7 35 3751
7 36 8417
7 37 3072
7 38 6969
7 39 4051
7 40 4746
7 41 7913
7 42 2930
7 43 7680
7 44 10464
7 45 4899
7 46 3366
7 47 1495
7 48 8054
7 49 7692
8 9 3864
8 10 3412
8 11 2066
8 12 8095
8 13 5042
8 14 1045
8 15 3375
8 16 7282
8 17 8522
8 18 7954
8 19 5318
8 20 3532
8 21 6320
8 22 9624
8 23 5631
8 24 4032
8 25 8732
8 26 3798
8 27 2683
8 28 7301
8 29 8162
8 30 7091
8 31 1993
8 32 1728
8 33 2501
8 34 7239
8 35 8190
8 36 8488
8 37 5417
8 38 3241
8 39 4766
8 40 3213
8 41 4478
8 42 5299
8 43 1882
8 44 5822
8 45 3395
8 46 6129
8 47 8013
8 48 3401
8 49 8424
9 10 983
9 11 4015
9 12 7242
9 13 1503
9 14 4028
9 15 4219
9 16 6769
9 17 5344
9 18 4431
9 19 1969
9 20 1452
9 21 6462
9 22 5595
9 23 3711
9 24 4784
9 25 5046
9 26 307
9 27 4876
9 28 4510
9 29 5538
9 30 3351
9 31 4561
9 32 2615
9 33 2173
9 34 3182
9 35 5372
9 36 7637
9 37 2264
9 38 3871
9 39 2432
9 40 1287
9 41 5105
9 42 1736
9 43 3882
9 44 7715
9 45 1692
9 46 3018
9 47 4453
9 48 4823
9 49 7209
10 11 3997
10 12 7236
10 13 1766
10 14 3929
10 15 3626
10 16 7434
10 17 6232
10 18 4920
10 19 2406
10 20 943
10 21 6346
10 22 6381
10 23 3817
10 24 4571
10 25 5477
10 26 973
10 27 4559
10 28 4914
10 29 6251
10 30 4070
10 31 4317
10 32 2016
10 33 1566
10 34 3961
10 35 5823
10 36 7994
10 37 2479
10 38 3134
10 39 2864
10 40 1426
10 41 5393
10 42 2196
10 43 3451
10 44 7722
10 45 1855
10 46 3472
10 47 4768
10 48 5044
10 49 7640
11 12 6362
11 13 4453
11 14 1425
11 15 4776
11 16 5315
11 17 7420
11 18 7172
11 19 5522
11 20 4456
11 21 4246
11 22 9336
11 23 4273
11 24 2217
11 25 8188
11 26 3923
11 27 1454
11 28 6426
11 29 7101
11 30 7042
11 31 1208
11 32 2312
11 33 3886
11 34 6831
11 35 6796
11 36 6642
11 37 5770
11 38 4976
11 39 3811
11 40 2997
11 41 2375
11 42 4947
11 43 789
11 44 3938
11 45 2586
11 46 6829
11 47 7373
11 48 1696
11 49 6580
12 13 6122
12 14 7485
12 15 10211
12 16 1747
12 17 4959
12 18 5871
12 19 7483
12 20 8197
12 21 3087
12 22 9534
12 23 3557
12 24 4636
12 25 7199
12 26 6661
12 27 6751
12 28 4870
12 29 3251
12 30 7556
12 31 6843
12 32 7325
12 33 8128
12 34 7268
12 35 4544
12 36 1085
12 37 8460
12 38 10077
12 39 4687
12 40 6490
12 41 4239
12 42 6236
12 43 6820
12 44 6262
12 45 5881
12 46 9219
12 47 6594
12 48 5225
12 49 587
13 14 4942
13 15 5458
13 16 6727
13 17 4379
13 18 3291
13 19 1519
13 20 2727
13 21 6056
13 22 4836
13 23 2591
13 24 4673
13 25 3959
13 26 1298
13 27 5604
13 28 3213
13 29 4714
13 30 2596
13 31 5447
13 32 3377
13 33 3555
13 34 2529
13 35 4127
13 36 7252
13 37 1960
13 38 5048
13 39 1911
13 40 2231
13 41 5378
13 42 516
13 43 4901
13 44 7742
13 45 1872
13 46 3056
13 47 3249
13 48 5582
13 49 6714
14 15 3870
14 16 6931
14 17 8704
14 18 7814
14 19 5549
14 20 4313
14 21 5417
14 22 9757
14 23 5477
14 24 3720
14 25 8825
14 26 4048
14 27 1892
14 28 7666
14 29 8129
14 30 7528
14 31 1290
14 32 2137
14 33 3451
14 34 7013
14 35 7852
14 36 8094
14 37 5975
14 38 4252
14 39 4857
14 40 3188
14 41 3939
14 42 5292
14 43 1159
14 44 4754
14 45 3388
14 46 6975
14 47 7988
14 48 2826
14 49 8009
15 16 9923
15 17 9647
15 18 8138
15 19 4996
15 20 3169
15 21 8530
15 22 8836
15 23 6897
15 24 6782
15 25 8570
15 26 4425
15 27 5522
15 28 8375
15 29 9763
15 30 6757
15 31 4952
15 32 3424
15 33 2161
15 34 6875
15 35 9173
15 36 10937
15 37 4251
15 38 659
15 39 6442
15 40 4080
15 41 7304
15 42 5741
15 43 4551
15 44 8482
15 45 4715
15 46 4984
15 47 7934
15 48 6349
15 49 10327
16 17 6036
16 18 6526
16 19 8128
16 20 7930
16 21 1564
16 22 10210
16 23 4021
16 24 3342
16 25 7903
16 26 6595
16 27 5543
16 28 5459
16 29 4264
16 30 8461
16 31 5674
16 32 6828
16 33 7921
16 34 7547
16 35 5419
16 36 1301
16 37 8366
16 38 9776
16 39 5054
16 40 6171
16 41 3041
16 42 6435
16 43 6125
16 44 4837
16 45 5861
16 46 9218
16 47 7554
16 48 4243
16 49 1788
17 18 1809
17 19 5045
17 20 6477
17 21 6594
17 22 5009
17 23 3376
17 24 6749
17 25 2791
17 26 5570
17 27 8532
17 28 1208
17 29 1974
17 30 3777
17 31 8243
17 32 7267
17 33 7508
17 34 3781
17 35 998
17 36 5934
17 37 5603
17 38 9235
17 39 3655
17 40 5921
17 41 6942
17 42 4180
17 43 8058
17 44 9573
17 45 5838
17 46 6322
17 47 2601
17 48 7672
17 49 4967
18 19 3617
18 20 5668
18 21 7302
18 22 3865
18 23 3629
18 24 6246
18 25 1570
18 26 4297
18 27 7969
18 28 1124
18 29 2772
18 30 2475
18 31 7758
18 32 6665
18 33 6619
18 34 2066
18 35 1972
18 36 6804
18 37 4552
18 38 7874
18 39 3152
18 40 5000
18 41 6996
18 42 3125
18 43 7208
18 44 9434
18 45 4622
18 46 4967
18 47 1153
18 48 7171
18 49 6090
19 20 2043
19 21 7462
19 22 4081
19 23 4106
19 24 5808
19 25 3940
19 26 1795
19 27 6463
19 28 4158
19 29 5885
19 30 2215
19 31 6186
19 32 4026
19 33 3408
19 34 1987
19 35 5047
19 36 8617
19 37 679
19 38 4378
19 39 3121
19 40 2810
19 41 6780
19 42 1492
19 43 5699
19 44 9286
19 45 2965
19 46 1536
19 47 3225
19 48 6595
19 49 7711
20 21 7190
20 22 6305
20 23 4852
20 24 5213
20 25 5704
20 26 1690
20 27 5028
20 28 5469
20 29 6807
20 30 4395
20 31 4879
20 32 2423
20 33 1542
20 34 4186
20 35 6542
20 36 8606
20 37 2020
20 38 2425
20 39 3961
20 40 2271
20 41 6098
20 42 3145
20 43 4204
20 44 8300
20 45 2353
20 46 3007
20 47 5480
20 48 5530
20 49 8283
21 22 10204
21 23 3816
21 24 2314
21 25 8533
21 26 6390
21 27 4403
21 28 5947
21 29 5059
21 30 8393
21 31 4402
21 32 5954
21 33 7220
21 34 7957
21 35 6262
21 36 2902
21 37 8244
21 38 8697
21 39 4497
21 40 5132
21 41 2043
21 42 6477
21 43 4446
21 44 3110
21 45 5174
21 46 9297
21 47 8048
21 48 2881
21 49 3453
22 23 6366
22 24 9512
22 25 2407
22 26 5994
22 27 10328
22 28 5181
22 29 6672
22 30 2519
22 31 10191
22 32 7999
22 33 7417
22 34 3168
22 35 5135
22 36 10214
22 37 4526
22 38 8196
22 39 5949
22 40 6840
22 41 9871
22 42 4453
22 43 9452
22 44 12410
22 45 6910
22 46 3877
22 47 2824
22 48 10116
22 49 9544
23 24 3551
23 25 4460
23 26 3114
23 27 5444
23 28 2680
23 29 2927
23 30 4627
23 31 5140
23 32 4532
23 33 5205
23 34 4250
23 35 3049
23 36 4620
23 37 4681
23 38 6892
23 39 949
23 40 3110
23 41 3573
23 42 2571
23 43 4788
23 44 6394
23 45 2704
23 46 5813
23 47 4062
23 48 4106
23 49 3984
24 25 7455
24 26 4656
24 27 2539
24 28 5933
24 29 5260
24 30 7014
24 31 2690
24 32 3797
24 33 4983
24 34 6556
24 35 5820
24 36 4767
24 37 6627
24 38 6727
24 39 3380
24 40 3455
24 41 814
24 42 4909
24 43 2839
24 44 3660
24 45 3224
24 46 7282
24 47 6927
24 48 1336
24 49 4643
25 26 5099
25 27 9045
25 28 2415
25 29 4337
25 30 1887
25 31 8764
25 32 7064
25 33 6657
25 34 2069
25 35 2946
25 36 8237
25 37 4702
25 38 7993
25 39 4212
25 40 5581
25 41 8019
25 42 3521
25 43 8099
25 44 10821
25 45 5846
25 46 4366
25 47 861
25 48 8605
25 49 7139
26 27 4899
26 28 4264
26 29 5630
26 30 3528
26 31 4352
26 32 2583
26 33 2173
26 34 3221
26 35 4927
26 36 7343
26 37 2187
26 38 3821
26 39 2484
26 40 1205
26 41 4944
26 42 1798
26 43 3954
26 44 7581
26 45 1426
26 46 3335
26 47 4398
26 48 5023
26 49 7149
27 28 7323
27 29 7711
27 30 8232
27 31 822
27 32 3241
27 33 4756
27 34 7645
27 35 7980
27 36 6801
27 37 7005
27 38 5856
27 39 5087
27 40 3941
27 41 2857
27 42 6055
27 43 1236
27 44 3617
27 45 3629
27 46 7592
27 47 8518
27 48 1488
27 49 6802
28 29 1850
28 30 3507
28 31 7088
28 32 5962
28 33 6638
28 34 2863
28 35 799
28 36 5589
28 37 4859
28 38 8191
28 39 2688
28 40 4779
28 41 5924
28 42 2934
28 43 7075
28 44 8864
28 45 4758
28 46 5515
28 47 2256
28 48 6512
28 49 4682
29 30 4834
29 31 7481
29 32 7020
29 33 7497
29 34 4620
29 35 1265
29 36 4191
29 37 6252
29 38 9396
29 39 3653
29 40 5465
29 41 5754
29 42 4250
29 43 7095
29 44 8051
29 45 5189
29 46 6875
29 47 3834
29 48 6622
29 49 3258
30 31 7681
30 32 5712
30 33 5365
30 34 792
30 35 3915
30 36 8766
30 37 2701
30 38 6648
30 39 4053
30 40 4320
30 41 7860
30 42 2420
30 43 7170
30 44 10318
30 45 4626
30 46 2700
30 47 1783
30 48 7816
30 49 7831
31 32 2560
31 33 4129
31 34 7635
31 35 7615
31 36 7094
31 37 6553
31 38 5460
31 39 4938
31 40 3725
31 41 2779
31 42 5599
31 43 913
31 44 3750
31 45 3517
31 46 7297
31 47 8415
31 48 1573
31 49 7098
32 33 1822
32 34 5382
32 35 6638
32 36 8112
32 37 3819
32 38 3330
32 39 3867
32 40 1830
32 41 4579
32 42 4097
32 43 1979
32 44 6319
32 45 2063
32 46 5056
32 47 6411
32 48 3744
32 49 7766
33 34 5179
33 35 6978
33 36 8840
33 37 2859
33 38 1902
33 39 4157
33 40 2420
33 41 5535
33 42 3595
33 43 3348
33 44 7810
33 45 2879
33 46 3684
33 47 6368
33 48 5061
33 49 8368
34 35 3787
34 36 7963
34 37 2924
34 38 6486
34 39 3611
34 40 4135
34 41 7087
34 42 1770
34 43 6790
34 44 10137
34 45 4405
34 46 2652
34 47 1408
34 48 7561
34 49 7183
35 36 5505
35 37 5693
35 38 8435
35 39 3259
35 40 4942
35 41 6039
35 42 3861
35 43 7184
35 44 8933
35 45 5141
35 46 5941
35 47 2870
35 48 6820
35 49 4654
36 37 9211
36 38 10562
36 39 5663
36 40 6806
36 41 4626
36 42 7130
36 43 7102
36 44 5868
36 45 6673
36 46 9888
36 47 7664
36 48 5719
36 49 1229
37 38 3859
37 39 3751
37 40 3031
37 41 7055
37 42 2279
37 43 5554
37 44 9588
37 45 3258
37 46 1346
37 47 3904
37 48 6733
37 49 8381
38 39 5942
38 40 3992
38 41 7128
38 42 5263
38 43 4470
38 44 8899
38 45 4282
38 46 4414
38 47 7397
38 48 6452
38 49 10445
39 40 2115
39 41 3796
39 42 1954
39 43 4142
39 44 6918
39 45 1870
39 46 4921
39 47 3794
39 48 4518
39 49 4731
40 41 4369
40 42 2381
40 43 3118
40 44 6366
40 45 459
40 46 4151
40 47 5181
40 48 4015
40 49 6628
41 42 5898
41 43 2885
41 44 2869
41 45 3663
41 46 8224
41 47 7483
41 48 1304
41 49 4368
42 43 5041
42 44 8182
42 45 2424
42 46 2877
42 47 2657
42 48 5515
42 49 6702
43 44 4145
43 45 2809
43 46 6748
43 47 7444
43 48 1989
43 49 7004
44 45 6287
44 46 10425
44 47 10102
44 48 2957
44 49 6279
45 46 4424
45 47 5118
45 48 3530
45 49 6019
46 47 4005
46 48 7945
46 49 9360
47 48 7642
47 49 6896
48 49 5522
