# --------- Instancia para o programa mo420-network-design.e  ---------
# Gerado por ../bin/mo420-network-design-gera-entrada.e 2 100 1000 100 800 10
# --------- Cabecalho com dados gerais ---------
nnodes nedges capacity gamma
100 4950 1000 10
# --------- Dados referentes aos vertices ---------
nodename posx posy weight
0 3611 4009 127
1 347 141 300
2 4885 1295 666
3 5091 4184 421
4 3203 1237 720
5 8605 7507 192
6 3021 6519 105
7 2481 3560 620
8 6811 6655 137
9 808 4980 546
10 8334 9404 197
11 8151 2587 203
12 1349 4535 267
13 746 7843 453
14 3517 6221 382
15 2275 278 668
16 3272 5296 665
17 7143 1303 658
18 7049 1473 498
19 9971 9678 434
20 8018 3743 432
21 9039 2965 153
22 7658 5851 396
23 8195 6646 256
24 8277 4664 624
25 170 5099 312
26 2895 3651 575
27 6350 4444 506
28 1242 9111 436
29 357 761 701
30 4230 695 470
31 4417 728 486
32 6463 364 793
33 7896 3335 705
34 4398 5073 245
35 4297 2838 477
36 6147 1734 515
37 2185 2402 288
38 6 2059 102
39 9432 81 608
40 1444 9192 310
41 8097 1248 643
42 6523 6030 679
43 5556 6043 533
44 9603 8178 681
45 1132 6775 202
46 6253 7747 646
47 438 1717 102
48 2028 4034 563
49 9841 6394 125
50 6665 530 110
51 4852 9806 178
52 161 4917 322
53 8450 5810 155
54 4434 6254 324
55 2041 9280 638
56 8911 4858 772
57 1523 3142 600
58 5170 2284 740
59 2295 1998 766
60 4666 192 220
61 2047 9723 462
62 6219 510 248
63 6221 3903 198
64 4709 9806 472
65 8556 4596 597
66 686 5215 772
67 4105 4783 384
68 883 9383 331
69 220 918 277
70 2513 5730 371
71 107 7096 253
72 4824 4410 603
73 3051 5241 594
74 7015 7555 367
75 4900 4091 416
76 5413 30 766
77 9979 7668 733
78 4107 5773 168
79 4484 4794 274
80 3875 8069 383
81 9674 5108 546
82 5358 250 461
83 1048 5433 491
84 577 8718 729
85 305 8387 728
86 4912 7905 653
87 8739 3414 361
88 8834 1154 154
89 4812 8663 704
90 6806 9204 601
91 2897 6954 436
92 748 9855 325
93 9128 652 491
94 4729 4420 509
95 5808 895 438
96 1730 9437 370
97 2520 3913 416
98 574 5566 336
99 9143 787 476
# --------- Dados referentes aas arestas ---------
endpoint1 endpoint2 distance
0 1 5172
0 2 3395
0 3 1839
0 4 3020
0 5 6544
0 6 2829
0 7 1366
0 8 4407
0 9 3213
0 10 7204
0 11 4957
0 12 2492
0 13 5083
0 14 2408
0 15 4158
0 16 1530
0 17 4867
0 18 4580
0 19 8685
0 20 4858
0 21 5958
0 22 4532
0 23 5540
0 24 4829
0 25 3875
0 26 939
0 27 3141
0 28 5946
0 29 4986
0 30 3480
0 31 3552
0 32 5003
0 33 4835
0 34 1544
0 35 1816
0 36 3511
0 37 2336
0 38 4585
0 39 7132
0 40 5689
0 41 5411
0 42 4016
0 43 3104
0 44 7433
0 45 4186
0 46 4634
0 47 3953
0 48 1863
0 49 7074
0 50 4638
0 51 6024
0 52 3882
0 53 5521
0 54 2838
0 55 5876
0 56 5408
0 57 2610
0 58 2520
0 59 2642
0 60 4318
0 61 6410
0 62 4400
0 63 2704
0 64 6312
0 65 5151
0 66 3330
0 67 1293
0 68 6464
0 69 4687
0 70 2172
0 71 5145
0 72 1421
0 73 1760
0 74 5367
0 75 1541
0 76 4501
0 77 7358
0 78 1983
0 79 1597
0 80 4328
0 81 6652
0 82 4188
0 83 3031
0 84 5983
0 85 5906
0 86 4602
0 87 5167
0 88 6248
0 89 5047
0 90 6576
0 91 3419
0 92 6650
0 93 6579
0 94 1678
0 95 4202
0 96 6054
0 97 1567
0 98 3626
0 99 6480
1 2 5101
1 3 6712
1 4 3441
1 5 11386
1 6 7356
1 7 4068
1 8 9577
1 9 5260
1 10 12367
1 11 8201
1 12 4940
1 13 7878
1 14 6966
1 15 2057
1 16 6353
1 17 6999
1 18 7038
1 19 13972
1 20 8722
1 21 9265
1 22 9717
1 23 10376
1 24 9430
1 25 5201
1 26 4375
1 27 7853
1 28 9045
1 29 993
1 30 4191
1 31 4187
1 32 6222
1 33 8567
1 34 6391
1 35 4969
1 36 6082
1 37 3175
1 38 2288
1 39 9172
1 40 9285
1 41 8309
1 42 8903
1 43 8234
1 44 12635
1 45 6732
1 46 9809
1 47 2009
1 48 4615
1 49 11391
1 50 6671
1 51 10896
1 52 4780
1 53 10092
1 54 7590
1 55 9792
1 56 10026
1 57 3487
1 58 5286
1 59 2799
1 60 4329
1 61 9744
1 62 6346
1 63 7248
1 64 11004
1 65 9373
1 66 5121
1 67 6461
1 68 9386
1 69 1169
1 70 6095
1 71 7449
1 72 6403
1 73 6037
1 74 10153
1 75 6106
1 76 5161
1 77 12421
1 78 7061
1 79 6305
1 80 9112
1 81 11054
1 82 5460
1 83 5399
1 84 8644
1 85 8299
1 86 9014
1 87 9459
1 88 8949
1 89 9954
1 90 11313
1 91 7612
1 92 9737
1 93 9080
1 94 6380
1 95 5613
1 96 9601
1 97 4630
1 98 5892
1 99 8879
2 3 2967
2 4 1757
2 5 7500
2 6 5845
2 7 3537
2 8 5804
2 9 5950
2 10 8885
2 11 3893
2 12 4816
2 13 7767
2 14 5457
2 15 2898
2 16 4503
2 17 2488
2 18 2649
2 19 10160
2 20 4402
2 21 4769
2 22 5427
2 23 6653
2 24 5142
2 25 6402
2 26 3150
2 27 3506
2 28 9041
2 29 4806
2 30 952
2 31 853
2 32 1832
2 33 3910
2 34 4141
2 35 1790
2 36 1695
2 37 3368
2 38 5121
2 39 4758
2 40 8958
2 41 3546
2 42 5462
2 43 4998
2 44 8719
2 45 6728
2 46 6710
2 47 4679
2 48 4133
2 49 7343
2 50 2244
2 51 8913
2 52 6188
2 53 5878
2 54 4997
2 55 8711
2 56 5481
2 57 4320
2 58 1150
2 59 2894
2 60 1321
2 61 9158
2 62 1669
2 63 3231
2 64 8658
2 65 5173
2 66 5888
2 67 3986
2 68 9332
2 69 5062
2 70 5187
2 71 7919
2 72 3194
2 73 4625
2 74 6738
2 75 3095
2 76 1386
2 77 8342
2 78 4869
2 79 4010
2 80 6961
2 81 6230
2 82 1396
2 83 5955
2 84 8882
2 85 8771
2 86 6807
2 87 4701
2 88 4248
2 89 7425
2 90 8309
2 91 6139
2 92 9574
2 93 4302
2 94 3479
2 95 1384
2 96 9231
2 97 3906
2 98 6292
2 99 4764
3 4 3855
3 5 4860
3 6 3144
3 7 3007
3 8 3232
3 9 4729
3 10 6343
3 11 3793
3 12 3806
3 13 5699
3 14 2622
3 15 5014
3 16 2432
3 17 3606
3 18 3720
3 19 7511
3 20 3321
3 21 4602
3 22 3294
3 23 3967
3 24 3659
3 25 5286
3 26 2368
3 27 1766
3 28 6277
3 29 6106
3 30 3935
3 31 3753
3 32 4227
3 33 3364
3 34 1184
3 35 1906
3 36 2833
3 37 3569
3 38 5858
3 39 6033
3 40 6463
3 41 4273
3 42 2714
3 43 2169
3 44 6114
3 45 5201
3 46 4114
3 47 5728
3 48 3331
3 49 5571
3 50 4346
3 51 6027
3 52 5417
3 53 4133
3 54 2377
3 55 6272
3 56 4261
3 57 4194
3 58 1983
3 59 3872
3 60 4500
3 61 6520
3 62 4000
3 63 1654
3 64 5809
3 65 3617
3 66 4680
3 67 1488
3 68 7167
3 69 6194
3 70 3316
3 71 6126
3 72 516
3 73 2574
3 74 4234
3 75 330
3 76 4584
3 77 6217
3 78 2155
3 79 1009
3 80 4266
3 81 4705
3 82 4059
3 83 4323
3 84 6592
3 85 6661
3 86 4116
3 87 4121
3 88 5282
3 89 4518
3 90 5547
3 91 3953
3 92 7309
3 93 5745
3 94 541
3 95 3674
3 96 6681
3 97 2612
3 98 5084
3 99 5732
4 5 8594
4 6 5581
4 7 2589
4 8 6511
4 9 4505
4 10 9933
4 11 5248
4 12 3946
4 13 7362
4 14 5437
4 15 1661
4 16 4192
4 17 3975
4 18 4150
4 19 11032
4 20 5471
4 21 6334
4 22 6798
4 23 7450
4 24 6580
4 25 4997
4 26 2645
4 27 4867
4 28 8495
4 29 3132
4 30 1646
4 31 1454
4 32 3743
4 33 5198
4 34 4229
4 35 2095
4 36 3142
4 37 1665
4 38 3718
4 39 6573
4 40 8640
4 41 4937
4 42 5912
4 43 5446
4 44 9933
4 45 6302
4 46 7219
4 47 3059
4 48 3117
4 49 8635
4 50 3872
4 51 8872
4 52 5195
4 53 7344
4 54 5243
4 55 8282
4 56 7186
4 57 2559
4 58 2478
4 59 1612
4 60 2288
4 61 9019
4 62 3225
4 63 4406
4 64 8777
4 65 6418
4 66 5128
4 67 3973
4 68 8766
4 69 3379
4 70 5044
4 71 6635
4 72 3703
4 73 4481
4 74 7591
4 75 3337
4 76 2560
4 77 9542
4 78 5017
4 79 4101
4 80 7137
4 81 7796
4 82 2712
4 83 4884
4 84 8207
4 85 7768
4 86 7237
4 87 6366
4 88 5736
4 89 7830
4 90 8836
4 91 5876
4 92 9426
4 93 6135
4 94 3737
4 95 2684
4 96 8816
4 97 3003
4 98 5400
4 99 6323
5 6 5998
5 7 7309
5 8 2121
5 9 8544
5 10 2255
5 11 5204
5 12 8175
5 13 7907
5 14 5593
5 15 10102
5 16 6180
5 17 6521
5 18 6305
5 19 2726
5 20 4284
5 21 4570
5 22 2161
5 23 1049
5 24 3036
5 25 9130
5 26 7072
5 27 4039
5 28 7683
5 29 10969
5 30 8309
5 31 8349
5 32 7666
5 33 4687
5 34 5162
5 35 6752
5 36 6302
5 37 8213
5 38 10298
5 39 7654
5 40 7850
5 41 6505
5 42 2733
5 43 3839
5 44 1531
5 45 7940
5 46 2493
5 47 10332
5 48 7880
5 49 2153
5 50 7484
5 51 4598
5 52 8986
5 53 1726
5 54 4534
5 55 6994
5 56 3006
5 57 8495
5 58 6398
5 59 8417
5 60 8682
5 61 7213
5 62 7758
5 63 4463
5 64 4838
5 65 3242
5 66 8515
5 67 5406
5 68 8334
5 69 10854
5 70 6503
5 71 8518
5 72 5372
5 73 6482
5 74 1817
5 75 5185
5 76 8586
5 77 1689
5 78 5181
5 79 5071
5 80 5201
5 81 2745
5 82 8302
5 83 8042
5 84 8280
5 85 8385
5 86 4153
5 87 4157
5 88 6438
5 89 4384
5 90 2808
5 91 5999
5 92 8449
5 93 7353
5 94 5081
5 95 7673
5 96 7536
5 97 7260
5 98 8365
5 99 6974
6 7 3420
6 8 3850
6 9 2742
6 10 6252
6 11 6550
6 12 2657
6 13 3089
6 14 1000
6 15 6323
6 16 1615
6 17 6714
6 18 6708
6 19 7691
6 20 5916
6 21 7377
6 22 4797
6 23 5414
6 24 5643
6 25 3677
6 26 3082
6 27 4248
6 28 3294
6 29 6471
6 30 6391
6 31 6111
6 32 7287
6 33 5885
6 34 2232
6 35 3962
6 36 6145
6 37 4448
6 38 5601
6 39 9482
6 40 3122
6 41 7730
6 42 3837
6 43 2775
6 44 7234
6 45 1986
6 46 3602
6 47 5922
6 48 3160
6 49 7091
6 50 7430
6 51 4011
6 52 3547
6 53 5577
6 54 1660
6 55 3194
6 56 6354
6 57 4099
6 58 4791
6 59 4713
6 60 6815
6 61 3646
6 62 6918
6 63 4552
6 64 3826
6 65 6185
6 66 3008
6 67 2183
6 68 3845
6 69 6640
6 70 1255
6 71 3103
6 72 2957
6 73 1595
6 74 4235
6 75 3182
6 76 7310
6 77 7159
6 78 1329
6 79 2595
6 80 2018
6 81 7172
6 82 6892
6 83 2458
6 84 3387
6 85 3584
6 86 2555
6 87 6882
6 88 7937
6 89 3189
6 90 4908
6 91 876
6 92 4522
6 93 8550
6 94 2831
6 95 6281
6 96 3223
6 97 3081
6 98 3090
6 99 8542
7 8 5798
7 9 2227
7 10 8362
7 11 6052
7 12 1762
7 13 4838
7 14 3287
7 15 3594
7 16 2341
7 17 5294
7 18 5045
7 19 9946
7 20 5867
7 21 6793
7 22 5965
7 23 6822
7 24 6142
7 25 2815
7 26 758
7 27 4438
7 28 6002
7 29 3611
7 30 3483
7 31 3463
7 32 5115
7 33 5477
7 34 2750
7 35 2268
7 36 4313
7 37 1287
7 38 3191
7 39 7920
7 40 5963
7 41 6199
7 42 4739
7 43 4358
7 44 8832
7 45 3967
7 46 5832
7 47 3219
7 48 988
7 49 8360
7 50 5645
7 51 7154
7 52 3109
7 53 6523
7 54 3713
7 55 5743
7 56 6602
7 57 1319
7 58 3198
7 59 2062
7 60 4205
7 61 6558
7 62 5199
7 63 4141
7 64 6907
7 65 6384
7 66 2710
7 67 2472
7 68 6289
7 69 3667
7 70 2313
7 71 4566
7 72 2796
7 73 1888
7 74 6182
7 75 2649
7 76 5083
7 77 8973
7 78 3001
7 79 2517
7 80 4803
7 81 7428
7 82 4704
7 83 2843
7 84 5887
7 85 5406
7 86 5105
7 87 6582
7 88 6921
7 89 5910
7 90 7413
7 91 3439
7 92 6558
7 93 7712
7 94 2792
7 95 4459
7 96 6390
7 97 788
7 98 3102
7 99 7598
8 9 6537
8 10 3472
8 11 4599
8 12 6302
8 13 6416
8 14 3555
8 15 8126
8 16 3821
8 17 5409
8 18 5458
8 19 4462
8 20 3611
8 21 4724
8 22 1230
8 23 1444
8 24 2756
8 25 6987
8 26 5211
8 27 2379
8 28 6411
8 29 9091
8 30 6523
8 31 6439
8 32 6701
8 33 3608
8 34 3155
8 35 4724
8 36 5081
8 37 6322
8 38 8366
8 39 7344
8 40 6254
8 41 5600
8 42 1043
8 43 1805
8 44 3604
8 45 5883
8 46 1704
8 47 8287
8 48 5457
8 49 3194
8 50 6269
8 51 3810
8 52 7157
8 53 2120
8 54 2557
8 55 5912
8 56 2990
8 57 6620
8 58 5147
8 59 6810
8 60 7226
8 61 5804
8 62 6388
8 63 2851
8 64 4013
8 65 3169
8 66 6411
8 67 3301
8 68 6937
8 69 8962
8 70 4462
8 71 6845
8 72 3024
8 73 4189
8 74 1311
8 75 3295
8 76 6959
8 77 3376
8 78 3063
8 79 3269
8 80 3742
8 81 3690
8 82 6924
8 83 6235
8 84 6588
8 85 6895
8 86 2723
8 87 4109
8 88 6282
8 89 2886
8 90 3009
8 91 3929
8 92 7210
8 93 6760
8 94 3511
8 95 6068
8 96 6213
8 97 5412
8 98 6402
8 99 6361
9 10 9032
9 11 7756
9 12 850
9 13 3356
9 14 3278
9 15 5160
9 16 2567
9 17 7406
9 18 7462
9 19 10315
9 20 7519
9 21 8747
9 22 7012
9 23 8051
9 24 7599
9 25 908
9 26 2720
9 27 5575
9 28 4380
9 29 4386
9 30 5707
9 31 5935
9 32 7708
9 33 7484
9 34 3625
9 35 4333
9 36 6266
9 37 3167
9 38 3064
9 39 9920
9 40 4548
9 41 8456
9 42 6148
9 43 5057
9 44 9762
9 45 2119
9 46 6462
9 47 3683
9 48 1856
9 49 9276
9 50 7430
9 51 6478
9 52 996
9 53 7798
9 54 4153
9 55 4942
9 56 8451
9 57 2045
9 58 5583
9 59 3450
9 60 6185
9 61 5202
9 62 7288
9 63 5598
9 64 6520
9 65 7955
9 66 723
9 67 3648
9 68 4709
9 69 4491
9 70 1900
9 71 2274
9 72 4070
9 73 2359
9 74 7145
9 75 4406
9 76 6984
9 77 9708
9 78 3828
9 79 3851
9 80 4499
9 81 8999
9 82 6799
9 83 667
9 84 3806
9 85 3474
9 86 5371
9 87 8442
9 88 9211
9 89 5546
9 90 7418
9 91 2939
9 92 4918
9 93 9709
9 94 4378
9 95 6587
9 96 4938
9 97 2036
9 98 714
9 99 9681
10 11 7137
10 12 8673
10 13 8030
10 14 6114
10 15 11396
10 16 6713
10 17 8397
10 18 8277
10 19 2156
10 20 5733
10 21 6826
10 22 3916
10 23 2797
10 24 5144
10 25 9432
10 26 7948
10 27 5574
10 28 7157
10 29 11979
10 30 9978
10 31 9772
10 32 9649
10 33 6150
10 34 5975
10 35 7977
10 36 8126
10 37 9621
10 38 11236
10 39 9634
10 40 6953
10 41 8571
10 42 4005
10 43 4788
10 44 2192
10 45 7806
10 46 2870
10 47 11072
10 48 8656
10 49 3649
10 50 9512
10 51 3568
10 52 9750
10 53 3849
10 54 5452
10 55 6433
10 56 4950
10 57 9421
10 58 7857
10 59 9812
10 60 10147
10 61 6771
10 62 9254
10 63 5948
10 64 3931
10 65 5242
10 66 9068
10 67 6659
10 68 7894
10 69 11907
10 70 7353
10 71 8763
10 72 6285
10 73 7156
10 74 2338
10 75 6369
10 76 9839
10 77 2703
10 78 6034
10 79 6330
10 80 4669
10 81 4980
10 82 9944
10 83 8581
10 84 8108
10 85 8264
10 86 3837
10 87 6053
10 88 8285
10 89 3795
10 90 1581
10 91 6339
10 92 7888
10 93 8972
10 94 6440
10 95 9180
10 96 6991
10 97 8418
10 98 9026
10 99 8767
11 12 7238
11 13 9087
11 14 5900
11 15 6791
11 16 5942
11 17 1679
11 18 1950
11 19 7501
11 20 1629
11 21 1264
11 22 3666
11 23 4180
11 24 2568
11 25 8683
11 26 5744
11 27 3044
11 28 9668
11 29 8026
11 30 4789
11 31 4371
11 32 2858
11 33 1078
11 34 4960
11 35 4139
11 36 2355
11 37 6281
11 38 8590
11 39 3296
11 40 9705
11 41 1470
11 42 4288
11 43 4788
11 44 5951
11 45 8499
11 46 5780
11 47 8188
11 48 6386
11 49 4596
11 50 2846
11 51 8069
11 52 8434
11 53 3586
11 54 5278
11 55 9235
11 56 2533
11 57 6826
11 58 3376
11 59 6220
11 60 4533
11 61 9685
11 62 2940
11 63 2578
11 64 8062
11 65 2152
11 66 8286
11 67 4622
11 68 10364
11 69 8210
11 70 6507
11 71 9336
11 72 3877
11 73 6048
11 74 5349
11 75 3600
11 76 3955
11 77 5763
11 78 5163
11 79 4688
11 80 7358
11 81 3331
11 82 4027
11 83 8107
11 84 10059
11 85 9939
11 86 6338
11 87 1123
11 88 1657
11 89 7223
11 90 7068
11 91 7160
11 92 10714
11 93 2309
11 94 4334
11 95 3223
11 96 9396
11 97 6071
11 98 8530
11 99 2143
12 13 3486
12 14 2795
12 15 4644
12 16 2192
12 17 6828
12 18 6900
12 19 10463
12 20 6753
12 21 8138
12 22 6931
12 23 7506
12 24 7308
12 25 1696
12 26 1861
12 27 5085
12 28 4802
12 29 4329
12 30 5279
12 31 5026
12 32 6690
12 33 6894
12 34 3136
12 35 3715
12 36 5770
12 37 2494
12 38 3100
12 39 9622
12 40 5013
12 41 7955
12 42 5784
12 43 4853
12 44 9057
12 45 2726
12 46 6159
12 47 3060
12 48 949
12 49 8830
12 50 6805
12 51 6351
12 52 1668
12 53 7625
12 54 3585
12 55 4908
12 56 7949
12 57 1670
12 58 4547
12 59 2833
12 60 5548
12 61 5460
12 62 6559
12 63 5069
12 64 6567
12 65 7667
12 66 1016
12 67 2856
12 68 4918
12 69 4210
12 70 1899
12 71 3340
12 72 3959
12 73 2237
12 74 6729
12 75 3757
12 76 6254
12 77 9295
12 78 3077
12 79 3474
12 80 4359
12 81 8786
12 82 6275
12 83 1090
12 84 4325
12 85 4309
12 86 5180
12 87 7641
12 88 8265
12 89 5829
12 90 7320
12 91 2920
12 92 5491
12 93 8957
12 94 3877
12 95 6174
12 96 5062
12 97 1734
12 98 1548
12 99 9117
13 14 3630
13 15 7909
13 16 3987
13 17 9220
13 18 9210
13 19 9808
13 20 8408
13 21 9836
13 22 7392
13 23 7911
13 24 8226
13 25 3136
13 26 4877
13 27 6763
13 28 1564
13 29 7152
13 30 8067
13 31 8107
13 32 9566
13 33 8525
13 34 4785
13 35 6216
13 36 8356
13 37 5883
13 38 6054
13 39 11781
13 40 1696
13 41 10171
13 42 6547
13 43 5321
13 44 9165
13 45 1227
13 46 5869
13 47 6293
13 48 4149
13 49 9319
13 50 9853
13 51 4709
13 52 3321
13 53 8356
13 54 4478
13 55 2091
13 56 8758
13 57 4950
13 58 7219
13 59 6411
13 60 8711
13 61 2605
13 62 9485
13 63 6759
13 64 4749
13 65 8904
13 66 2809
13 67 4896
13 68 1945
13 69 7384
13 70 3246
13 71 1152
13 72 5351
13 73 3737
13 74 6551
13 75 5920
13 76 9566
13 77 9423
13 78 4360
13 79 5298
13 80 3233
13 81 9354
13 82 8893
13 83 2465
13 84 1090
13 85 989
13 86 4441
13 87 9439
13 88 10947
13 89 4520
13 90 6474
13 91 2792
13 92 2064
13 93 11345
13 94 5579
13 95 9055
13 96 2254
13 97 4333
13 98 2591
13 99 11358
14 15 6201
14 16 1097
14 17 6384
14 18 6235
14 19 7585
14 20 5613
14 21 6639
14 22 4322
14 23 5029
14 24 5307
14 25 3919
14 26 3013
14 27 3381
14 28 3992
14 29 6410
14 30 5645
14 31 5831
14 32 6994
14 33 5441
14 34 1922
14 35 3758
14 36 5450
14 37 4446
14 38 5609
14 39 8798
14 40 3756
14 41 7009
14 42 3099
14 43 2446
14 44 6620
14 45 2700
14 46 3599
14 47 5649
14 48 3084
14 49 6641
14 50 6928
14 51 3861
14 52 3679
14 53 5417
14 54 941
14 55 3682
14 56 5739
14 57 3998
14 58 4410
14 59 4625
14 60 6268
14 61 4057
14 62 6619
14 63 3638
14 64 3952
14 65 5684
14 66 3073
14 67 1701
14 68 4534
14 69 6725
14 70 1179
14 71 3950
14 72 2443
14 73 1523
14 74 3865
14 75 3027
14 76 6635
14 77 6624
14 78 832
14 79 1890
14 80 2358
14 81 6653
14 82 6376
14 83 2881
14 84 3921
14 85 4262
14 86 2277
14 87 6009
14 88 7469
14 89 3121
14 90 4510
14 91 1139
14 92 4911
14 93 7914
14 94 2559
14 95 6163
14 96 3838
14 97 2756
14 98 3083
14 99 8005
15 16 5150
15 17 4983
15 18 5015
15 19 12215
15 20 6895
15 21 7431
15 22 8224
15 23 8946
15 24 7707
15 25 5340
15 26 3727
15 27 6022
15 28 9030
15 29 2429
15 30 2172
15 31 2666
15 32 4636
15 33 6609
15 34 5273
15 35 3457
15 36 4534
15 37 2256
15 38 3206
15 39 7406
15 40 9078
15 41 6187
15 42 7525
15 43 7031
15 44 10778
15 45 6928
15 46 8833
15 47 2605
15 48 4116
15 49 9909
15 50 4716
15 51 10244
15 52 5339
15 53 8668
15 54 6461
15 55 9453
15 56 8500
15 57 3001
15 58 3600
15 59 2012
15 60 2487
15 61 9922
15 62 4000
15 63 5681
15 64 10218
15 65 7665
15 66 5555
15 67 5207
15 68 9391
15 69 2385
15 70 5821
15 71 7234
15 72 5103
15 73 5259
15 74 8737
15 75 5062
15 76 3637
15 77 11083
15 78 6193
15 79 5414
15 80 8113
15 81 9029
15 82 3475
15 83 5685
15 84 8928
15 85 8379
15 86 8520
15 87 7205
15 88 7113
15 89 8845
15 90 10445
15 91 7081
15 92 10107
15 93 6975
15 94 4831
15 95 3817
15 96 9377
15 97 3955
15 98 5692
15 99 7016
16 17 6000
16 18 5769
16 19 8410
16 20 5017
16 21 6465
16 22 4813
16 23 5501
16 24 5372
16 25 3167
16 26 2144
16 27 3428
16 28 4325
16 29 5469
16 30 5131
16 31 4864
16 32 6218
16 33 5273
16 34 1286
16 35 2871
16 36 4937
16 37 3562
16 38 4852
16 39 8501
16 40 4708
16 41 6549
16 42 3673
16 43 2734
16 44 7217
16 45 2967
16 46 3991
16 47 4937
16 48 1982
16 49 7029
16 50 6186
16 51 4874
16 52 3214
16 53 5374
16 54 1801
16 55 4177
16 56 6063
16 57 3131
16 58 3642
16 59 3611
16 60 5479
16 61 5004
16 62 5725
16 63 3752
16 64 5189
16 65 5592
16 66 2851
16 67 1191
16 68 4873
16 69 5576
16 70 1336
16 71 3805
16 72 1877
16 73 593
16 74 4698
16 75 2411
16 76 5879
16 77 7339
16 78 1020
16 79 1770
16 80 3010
16 81 6742
16 82 5842
16 83 2687
16 84 4606
16 85 4727
16 86 3350
16 87 6227
16 88 7032
16 89 4069
16 90 5290
16 91 1921
16 92 5536
16 93 7774
16 94 1759
16 95 5083
16 96 4700
16 97 2062
16 98 3157
16 99 7886
17 18 660
17 19 9161
17 20 2947
17 21 2544
17 22 5027
17 23 5599
17 24 3872
17 25 8180
17 26 5310
17 27 3390
17 28 10091
17 29 7266
17 30 3359
17 31 3230
17 32 1451
17 33 2387
17 34 5133
17 35 3308
17 36 1091
17 37 5246
17 38 7578
17 39 3013
17 40 10065
17 41 1158
17 42 5147
17 43 5046
17 44 7303
17 45 8575
17 46 6526
17 47 6824
17 48 6080
17 49 5808
17 50 921
17 51 9154
17 52 7901
17 53 5016
17 54 5789
17 55 9831
17 56 4186
17 57 6312
17 58 2264
17 59 5200
17 60 2768
17 61 10007
17 62 1566
17 63 3028
17 64 8958
17 65 3594
17 66 8023
17 67 4876
17 68 10387
17 69 7420
17 70 6871
17 71 9550
17 72 4281
17 73 5871
17 74 6491
17 75 3730
17 76 2624
17 77 7385
17 78 5507
17 79 4822
17 80 7740
17 81 4715
17 82 2428
17 83 7795
17 84 9937
17 85 10301
17 86 7199
17 87 2871
17 88 2101
17 89 7862
17 90 7999
17 91 7501
17 92 10753
17 93 2182
17 94 4390
17 95 1603
17 96 10189
17 97 5497
17 98 8080
17 99 2516
18 19 9070
18 20 2812
18 21 2604
18 22 4589
18 23 5493
18 24 3696
18 25 8193
18 26 4886
18 27 3232
18 28 10011
18 29 6995
18 30 3421
18 31 2844
18 32 1692
18 33 2535
18 34 4916
18 35 3553
18 36 1050
18 37 5169
18 38 7297
18 39 3013
18 40 9826
18 41 1258
18 42 4612
18 43 5202
18 44 7638
18 45 7958
18 46 6342
18 47 6917
18 48 5707
18 49 6007
18 50 1385
18 51 8791
18 52 7890
18 53 4907
18 54 5923
18 55 9581
18 56 4353
18 57 5975
18 58 2279
18 59 5117
18 60 2959
18 61 9769
18 62 1642
18 63 2874
18 64 8955
18 65 3616
18 66 7583
18 67 4638
18 68 10091
18 69 7282
18 70 6303
18 71 8987
18 72 3841
18 73 5536
18 74 6482
18 75 3660
18 76 2645
18 77 6949
18 78 5616
18 79 4257
18 80 7776
18 81 4654
18 82 2461
18 83 7606
18 84 9740
18 85 10045
18 86 7063
18 87 2801
18 88 2248
18 89 7867
18 90 7980
18 91 7347
18 92 10814
18 93 2587
18 94 4064
18 95 1852
18 96 9755
18 97 5620
18 98 8138
18 99 2660
19 20 6377
19 21 6986
19 22 4922
19 23 3999
19 24 5702
19 25 10961
19 26 9323
19 27 6744
19 28 8929
19 29 13328
19 30 11159
19 31 10992
19 32 10425
19 33 6813
19 34 7394
19 35 9185
19 36 8981
19 37 11153
19 38 12607
19 39 9705
19 40 8562
19 41 9078
19 42 5504
19 43 6068
19 44 1685
19 45 9588
19 46 4230
19 47 12428
19 48 9783
19 49 3568
19 50 10142
19 51 5491
19 52 11344
19 53 4179
19 54 6698
19 55 8433
19 56 5210
19 57 11034
19 58 8964
19 59 11143
19 60 11146
19 61 8029
19 62 10218
19 63 6927
19 64 5759
19 65 5494
19 66 10594
19 67 8051
19 68 9335
19 69 13513
19 70 8614
19 71 10240
19 72 7381
19 73 8413
19 74 3966
19 75 7581
19 76 10914
19 77 2474
19 78 7160
19 79 7347
19 80 6513
19 81 4866
19 82 10947
19 83 10267
19 84 9621
19 85 10097
19 86 5455
19 87 6670
19 88 8656
19 89 5371
19 90 3343
19 91 7611
19 92 9535
19 93 9206
19 94 7636
19 95 10179
19 96 8505
19 97 9902
19 98 10346
19 99 9074
20 21 1631
20 22 2635
20 23 3356
20 24 975
20 25 8404
20 26 5274
20 27 1809
20 28 9091
20 29 8589
20 30 5315
20 31 5041
20 32 3836
20 33 794
20 34 4042
20 35 3871
20 36 2800
20 37 6102
20 38 8461
20 39 3958
20 40 8576
20 41 2526
20 42 2733
20 43 3479
20 44 4805
20 45 7676
20 46 4529
20 47 8079
20 48 6153
20 49 3516
20 50 3650
20 51 7072
20 52 8081
20 53 2213
20 54 4731
20 55 8157
20 56 1568
20 57 6891
20 58 3318
20 59 6084
20 60 4917
20 61 8553
20 62 3908
20 63 2070
20 64 7211
20 65 1223
20 66 7561
20 67 4106
20 68 9240
20 69 8360
20 70 5913
20 71 8893
20 72 3676
20 73 5266
20 74 3974
20 75 3144
20 76 4680
20 77 4558
20 78 4849
20 79 3888
20 80 6215
20 81 2459
20 82 4524
20 83 7345
20 84 9096
20 85 9063
20 86 5246
20 87 1059
20 88 2789
20 89 5981
20 90 5672
20 91 6110
20 92 9711
20 93 3599
20 94 3535
20 95 3747
20 96 8830
20 97 5639
20 98 8028
20 99 3402
21 22 3235
21 23 3859
21 24 2226
21 25 9374
21 26 6509
21 27 3399
21 28 9978
21 29 9433
21 30 5414
21 31 5244
21 32 3793
21 33 1689
21 34 5113
21 35 5032
21 36 3518
21 37 6905
21 38 9336
21 39 3111
21 40 9985
21 41 2084
21 42 3993
21 43 5051
21 44 5501
21 45 8896
21 46 5820
21 47 8957
21 48 7399
21 49 3652
21 50 3661
21 51 8356
21 52 9308
21 53 3202
21 54 5907
21 55 9795
21 56 2001
21 57 7880
21 58 4179
21 59 7229
21 60 5660
21 61 9941
21 62 3915
21 63 3187
21 64 8593
21 65 2194
21 66 8727
21 67 5399
21 68 10843
21 69 9107
21 70 7223
21 71 10270
21 72 4760
21 73 6871
21 74 5284
21 75 4574
21 76 4937
21 77 4994
21 78 5913
21 79 5373
21 80 7682
21 81 2669
21 82 4609
21 83 8532
21 84 10731
21 85 10540
21 86 6534
21 87 556
21 88 1830
21 89 7133
21 90 7068
21 91 7567
21 92 10862
21 93 2345
21 94 4678
21 95 4146
21 96 10089
21 97 6966
21 98 9205
21 99 2308
22 23 1063
22 24 1565
22 25 7889
22 26 5431
22 27 2416
22 28 7476
22 29 9144
22 30 6291
22 31 6324
22 32 6087
22 33 2766
22 34 3843
22 35 4787
22 36 4801
22 37 6795
22 38 8643
22 39 6285
22 40 7249
22 41 4725
22 42 1331
22 43 2293
22 44 3499
22 45 6809
22 46 2793
22 47 8521
22 48 6384
22 49 2571
22 50 5521
22 51 4883
22 52 7904
22 53 1102
22 54 3433
22 55 7005
22 56 1664
22 57 7012
22 58 4804
22 59 6910
22 60 6458
22 61 7085
22 62 5748
22 63 2589
22 64 5407
22 65 1666
22 66 7160
22 67 4172
22 68 8100
22 69 9110
22 70 5500
22 71 8011
22 72 3491
22 73 4946
22 74 2262
22 75 3768
22 76 6293
22 77 3157
22 78 3587
22 79 3648
22 80 4735
22 81 2213
22 82 6507
22 83 6650
22 84 7674
22 85 8217
22 86 3470
22 87 2935
22 88 4998
22 89 4192
22 90 3586
22 91 5175
22 92 8014
22 93 5650
22 94 3452
22 95 5526
22 96 7066
22 97 5632
22 98 7510
22 99 5704
23 24 2076
23 25 8451
23 26 6531
23 27 3271
23 28 7443
23 29 10190
23 30 7605
23 31 7088
23 32 6816
23 33 3328
23 34 4456
23 35 5805
23 36 5424
23 37 7489
23 38 9735
23 39 7121
23 40 7427
23 41 5764
23 42 1811
23 43 3205
23 44 2567
23 45 7547
23 46 2246
23 47 9517
23 48 6978
23 49 1742
23 50 6569
23 51 5025
23 52 8634
23 53 963
23 54 3799
23 55 6749
23 56 2367
23 57 7866
23 58 5553
23 59 7741
23 60 7416
23 61 7248
23 62 6823
23 63 3518
23 64 4852
23 65 2509
23 66 7994
23 67 4667
23 68 7918
23 69 9964
23 70 5994
23 71 8232
23 72 4493
23 73 5740
23 74 1518
23 75 4202
23 76 7479
23 77 2241
23 78 4349
23 79 4561
23 80 4674
23 81 2199
23 82 7132
23 83 7285
23 84 7963
23 85 8168
23 86 3701
23 87 3732
23 88 5573
23 89 4360
23 90 2984
23 91 5488
23 92 8469
23 93 6168
23 94 4204
23 95 6504
23 96 7061
23 97 6705
23 98 8072
23 99 6211
24 25 8203
24 26 5818
24 27 2110
24 28 8437
24 29 8985
24 30 5993
24 31 5923
24 32 4986
24 33 1484
24 34 4306
24 35 4660
24 36 3816
24 37 6831
24 38 9076
24 39 5044
24 40 8640
24 41 3465
24 42 2667
24 43 3465
24 44 4093
24 45 7830
24 46 3831
24 47 8442
24 48 6288
24 49 2539
24 50 4669
24 51 6405
24 52 8163
24 53 1518
24 54 4187
24 55 8250
24 56 916
24 57 7201
24 58 4290
24 59 6978
24 60 5980
24 61 8357
24 62 4805
24 63 2432
24 64 6501
24 65 323
24 66 7810
24 67 4250
24 68 8970
24 69 9147
24 70 6106
24 71 8662
24 72 3602
24 73 5691
24 74 3475
24 75 3696
24 76 5807
24 77 3947
24 78 4637
24 79 4029
24 80 6055
24 81 1654
24 82 5591
24 83 7664
24 84 8879
24 85 9122
24 86 5106
24 87 1536
24 88 3727
24 89 5399
24 90 5031
24 91 6277
24 92 9287
24 93 4441
24 94 3780
24 95 4683
24 96 8309
24 97 5896
24 98 7799
24 99 4464
25 26 3086
25 27 6352
25 28 4252
25 29 4660
25 30 6201
25 31 6484
25 32 7966
25 33 8338
25 34 4645
25 35 4838
25 36 7202
25 37 3499
25 38 3056
25 39 10616
25 40 4772
25 41 8951
25 42 6719
25 43 5712
25 44 9961
25 45 1955
25 46 7023
25 47 3833
25 48 2408
25 49 10145
25 50 7983
25 51 6756
25 52 646
25 53 8570
25 54 4908
25 55 4802
25 56 8937
25 57 2767
25 58 5847
25 59 3963
25 60 6967
25 61 5137
25 62 7739
25 63 6213
25 64 6762
25 65 8493
25 66 850
25 67 4224
25 68 4454
25 69 4206
25 70 2813
25 71 2463
25 72 5022
25 73 3267
25 74 7281
25 75 4938
25 76 7705
25 77 10340
25 78 4480
25 79 4343
25 80 4933
25 81 9990
25 82 7378
25 83 1390
25 84 3797
25 85 3575
25 86 5954
25 87 9218
25 88 9637
25 89 6041
25 90 8079
25 91 3446
25 92 5124
25 93 10131
25 94 5107
25 95 7309
25 96 4928
25 97 2724
25 98 995
25 99 10245
26 27 3757
26 28 6186
26 29 4266
26 30 3476
26 31 3315
26 32 4949
26 33 5388
26 34 2335
26 35 1763
26 36 3921
26 37 1491
26 38 3353
26 39 7787
26 40 5994
26 41 6159
26 42 4476
26 43 3869
26 44 8429
26 45 3799
26 46 5403
26 47 3288
26 48 1121
26 49 7826
26 50 5048
26 51 6460
26 52 3137
26 53 6009
26 54 3256
26 55 6165
26 56 6229
26 57 1473
26 58 2919
26 59 1997
26 60 4071
26 61 6231
26 62 4961
26 63 3421
26 64 6800
26 65 5881
26 66 2767
26 67 2020
26 68 6354
26 69 4153
26 70 2498
26 71 4561
26 72 2172
26 73 1613
26 74 6042
26 75 2497
26 76 4492
26 77 8238
26 78 2481
26 79 2400
26 80 4788
26 81 6967
26 82 4315
26 83 2783
26 84 5919
26 85 5706
26 86 4761
26 87 6238
26 88 6462
26 89 5789
26 90 6896
26 91 3500
26 92 6957
26 93 6957
26 94 2170
26 95 4321
26 96 6277
26 97 871
26 98 3301
26 99 7232
27 28 7088
27 29 7442
27 30 4502
27 31 4374
27 32 4380
27 33 2032
27 34 2197
27 35 2842
27 36 2788
27 37 4875
27 38 6999
27 39 5671
27 40 7202
27 41 3796
27 42 1741
27 43 2111
27 44 5373
27 45 6070
27 46 3626
27 47 6853
27 48 4395
27 49 4475
27 50 3949
27 51 5990
27 52 6597
27 53 2836
27 54 2993
27 55 6654
27 56 3046
27 57 5139
27 58 2742
27 59 4837
27 60 4741
27 61 7092
27 62 4246
27 63 558
27 64 5726
27 65 2638
27 66 5719
27 67 2375
27 68 7636
27 69 7111
27 70 4493
27 71 7091
27 72 1682
27 73 3796
27 74 3248
27 75 1853
27 76 4739
27 77 5025
27 78 2609
27 79 2144
27 80 4584
27 81 3886
27 82 4435
27 83 5491
27 84 7229
27 85 7538
27 86 3834
27 87 2630
27 88 4261
27 89 4745
27 90 5065
27 91 4339
27 92 7799
27 93 4969
27 94 1668
27 95 4026
27 96 7078
27 97 4134
27 98 6093
27 99 5047
28 29 8454
28 30 9180
28 31 9363
28 32 10484
28 33 8839
28 34 5422
28 35 7125
28 36 9273
28 37 6777
28 38 7541
28 39 12219
28 40 325
28 41 10481
28 42 6600
28 43 5517
28 44 8421
28 45 2486
28 46 5454
28 47 7600
28 48 5157
28 49 9497
28 50 10481
28 51 4136
28 52 4827
28 53 8225
28 54 4542
28 55 1100
28 56 9098
28 57 6255
28 58 7923
28 59 7460
28 60 9624
28 61 1172
28 62 10220
28 63 7399
28 64 3957
28 65 8738
28 66 4254
28 67 5607
28 68 710
28 69 8684
28 70 3623
28 71 2720
28 72 6141
28 73 4513
28 74 6331
28 75 6367
28 76 10135
28 77 9236
28 78 4643
28 79 5612
28 80 3189
28 81 9428
28 82 10141
28 83 3755
28 84 939
28 85 1241
28 86 4351
28 87 9445
28 88 11154
28 89 3755
28 90 5983
28 91 2720
28 92 1292
28 93 11954
28 94 5957
28 95 9410
28 96 730
28 97 5438
28 98 4005
28 99 11957
29 30 4200
29 31 4432
29 32 6207
29 33 8225
29 34 6324
29 35 4485
29 36 5903
29 37 2570
29 38 1774
29 39 9321
29 40 8861
29 41 8170
29 42 8205
29 43 7504
29 44 12031
29 45 6316
29 46 9177
29 47 1457
29 48 3886
29 49 11279
29 50 6556
29 51 10216
29 52 4344
29 53 9749
29 54 7117
29 55 8996
29 56 9529
29 57 3016
29 58 5475
29 59 2707
29 60 4481
29 61 9120
29 62 6240
29 63 6986
29 64 10139
29 65 9289
29 66 4654
29 67 5528
29 68 9104
29 69 468
29 70 5483
29 71 6374
29 72 5954
29 73 5555
29 74 9999
29 75 6073
29 76 5268
29 77 12063
29 78 6492
29 79 5806
29 80 8314
29 81 10316
29 82 5150
29 83 5071
29 84 8225
29 85 7776
29 86 8940
29 87 9282
29 88 8929
29 89 9530
29 90 10887
29 91 7145
29 92 9467
29 93 9076
29 94 5904
29 95 5685
29 96 9007
29 97 4049
29 98 5299
29 99 9050
30 31 448
30 32 2676
30 33 4857
30 34 4739
30 35 2218
30 36 2312
30 37 2819
30 38 4683
30 39 5277
30 40 9276
30 41 4264
30 42 6092
30 43 5907
30 44 9669
30 45 7263
30 46 7579
30 47 4377
30 48 4126
30 49 8124
30 50 2509
30 51 9603
30 52 6249
30 53 6727
30 54 5722
30 55 9228
30 56 6383
30 57 4149
30 58 2214
30 59 2336
30 60 1007
30 61 9783
30 62 2016
30 63 4115
30 64 9401
30 65 6062
30 66 5849
30 67 4209
30 68 9606
30 69 4132
30 70 5798
30 71 7750
30 72 3831
30 73 4909
30 74 7414
30 75 3528
30 76 1515
30 77 9171
30 78 5286
30 79 4441
30 80 7590
30 81 7280
30 82 1318
30 83 5761
30 84 9020
30 85 8987
30 86 7512
30 87 5538
30 88 4820
30 89 8193
30 90 8975
30 91 6625
30 92 10109
30 93 5349
30 94 4211
30 95 1921
30 96 9157
30 97 3914
30 98 6272
30 99 4976
31 32 2567
31 33 4842
31 34 4658
31 35 2530
31 36 2381
31 37 3161
31 38 4709
31 39 5346
31 40 9199
31 41 3734
31 42 5751
31 43 5921
31 44 9278
31 45 7035
31 46 7502
31 47 4216
31 48 4425
31 49 7956
31 50 2465
31 51 9224
31 52 6360
31 53 6512
31 54 5565
31 55 9246
31 56 6412
31 57 3797
31 58 2061
31 59 2680
31 60 790
31 61 9752
31 62 2153
31 63 3678
31 64 9311
31 65 5866
31 66 5863
31 67 4136
31 68 9749
31 69 4625
31 70 5780
31 71 8031
31 72 4053
31 73 5137
31 74 7369
31 75 3632
31 76 1277
31 77 8982
31 78 5278
31 79 4416
31 80 7403
31 81 7163
31 82 1381
31 83 6122
31 84 9137
31 85 8963
31 86 7621
31 87 5326
31 88 4818
31 89 8044
31 90 8818
31 91 6632
31 92 10102
31 93 4867
31 94 4188
31 95 1749
31 96 9418
31 97 4064
31 98 6212
31 99 4923
32 33 3596
32 34 5488
32 35 3440
32 36 1641
32 37 4860
32 38 6923
32 39 3012
32 40 10253
32 41 2123
32 42 6020
32 43 6208
32 44 8868
32 45 8658
32 46 7844
32 47 6642
32 48 6117
32 49 7188
32 50 664
32 51 9997
32 52 8146
32 53 6293
32 54 6675
32 55 10073
32 56 5608
32 57 6160
32 58 2746
32 59 4780
32 60 2290
32 61 10842
32 62 460
32 63 3752
32 64 9918
32 65 4939
32 66 7682
32 67 5256
32 68 10746
32 69 6630
32 70 6825
32 71 9734
32 72 4667
32 73 6139
32 74 7660
32 75 4414
32 76 1169
32 77 8460
32 78 5943
32 79 5168
32 80 8511
32 81 5963
32 82 1430
32 83 7826
32 84 10634
32 85 10189
32 86 8146
32 87 4018
32 88 2515
32 89 8906
32 90 9169
32 91 7868
32 92 11250
32 93 3042
32 94 4899
32 95 1079
32 96 10525
32 97 5797
32 98 7871
32 99 3000
33 34 4322
33 35 3933
33 36 2430
33 37 6174
33 38 8083
33 39 3646
33 40 8931
33 41 2207
33 42 3486
33 43 3699
33 44 5169
33 45 7640
33 46 5008
33 47 7930
33 48 6036
33 49 4017
33 50 3556
33 51 7242
33 52 8194
33 53 2707
33 54 4653
33 55 8412
33 56 1986
33 57 6792
33 58 3165
33 59 6033
33 60 4817
33 61 8984
33 62 3490
33 63 1857
33 64 7340
33 65 1826
33 66 7468
33 67 4449
33 68 9261
33 69 8212
33 70 6264
33 71 8728
33 72 3417
33 73 5460
33 74 4712
33 75 3530
33 76 4586
33 77 4945
33 78 4875
33 79 3879
33 80 6413
33 81 2529
33 82 4014
33 83 7395
33 84 9316
33 85 9321
33 86 5762
33 87 1187
33 88 2825
33 89 6402
33 90 6245
33 91 6293
33 92 9876
33 93 3316
33 94 3692
33 95 3504
33 96 9108
33 97 5533
33 98 7838
33 99 2842
34 35 2276
34 36 3805
34 37 3642
34 38 5518
34 39 7255
34 40 5219
34 41 5690
34 42 2568
34 43 1887
34 44 6362
34 45 4103
34 46 3386
34 47 5443
34 48 2604
34 49 5938
34 50 5562
34 51 4834
34 52 4724
34 53 4527
34 54 1616
34 55 5141
34 56 4824
34 57 3576
34 58 3266
34 59 3761
34 60 5244
34 61 5211
34 62 5061
34 63 2462
34 64 4863
34 65 4655
34 66 4159
34 67 519
34 68 5871
34 69 6165
34 70 2002
34 71 5013
34 72 1138
34 73 1732
34 74 3729
34 75 1214
34 76 5379
34 77 6505
34 78 1104
34 79 533
34 80 3076
34 81 5595
34 82 5192
34 83 3476
34 84 5551
34 85 5308
34 86 3291
34 87 5113
34 88 6171
34 89 3663
34 90 4943
34 91 2493
34 92 6179
34 93 6821
34 94 827
34 95 4654
34 96 5150
34 97 2251
34 98 4297
34 99 6812
35 36 2409
35 37 2417
35 38 4822
35 39 6049
35 40 7269
35 41 4194
35 42 4094
35 43 3784
35 44 7981
35 45 5169
35 46 5468
35 47 4082
35 48 2782
35 49 6837
35 50 3695
35 51 7467
35 52 4888
35 53 5201
35 54 3794
35 55 7069
35 56 5524
35 57 3188
35 58 1285
35 59 2179
35 60 2761
35 61 7390
35 62 3072
35 63 2355
35 64 7203
35 65 4669
35 66 4324
35 67 2428
35 68 7806
35 69 4979
35 70 3805
35 71 6142
35 72 1670
35 73 2966
35 74 5832
35 75 1413
35 76 3158
35 77 7486
35 78 2978
35 79 2099
35 80 5740
35 81 6212
35 82 3196
35 83 4260
35 84 7052
35 85 7009
35 86 5342
35 87 4702
35 88 5266
35 89 6335
35 90 7147
35 91 4820
35 92 8068
35 93 5657
35 94 1746
35 95 2767
35 96 7453
35 97 2554
35 98 4627
35 99 5526
36 37 4476
36 38 6149
36 39 3687
36 40 9002
36 41 2065
36 42 4363
36 43 4797
36 44 7761
36 45 7125
36 46 6281
36 47 5889
36 48 4917
36 49 6063
36 50 1562
36 51 8665
36 52 7224
36 53 5165
36 54 5204
36 55 8769
36 56 4367
36 57 5137
36 58 1346
36 59 4336
36 60 2235
36 61 9189
36 62 1314
36 63 2222
36 64 8391
36 65 4004
36 66 6767
36 67 4061
36 68 9551
36 69 6076
36 70 5557
36 71 8472
36 72 3048
36 73 4679
36 74 6103
36 75 2905
36 76 2250
36 77 7432
36 78 4983
36 79 3697
36 80 7179
36 81 5317
36 82 1941
36 83 6732
36 84 9088
36 85 9002
36 86 6493
36 87 3332
36 88 2797
36 89 7264
36 90 7749
36 91 6301
36 92 9793
36 93 3455
36 94 3534
36 95 990
36 96 9121
36 97 4240
36 98 6971
36 99 3593
37 38 2248
37 39 7822
37 40 6868
37 41 6086
37 42 5769
37 43 5215
37 44 9821
37 45 4812
37 46 6746
37 47 2254
37 48 2075
37 49 8954
37 50 4868
37 51 8012
37 52 3399
37 53 7144
37 54 4648
37 55 7036
37 56 7276
37 57 1003
37 58 3222
37 59 835
37 60 3808
37 61 7531
37 62 4473
37 63 4701
37 64 8121
37 65 7015
37 66 3337
37 67 3498
37 68 7424
37 69 2487
37 70 3662
37 71 5222
37 72 3490
37 73 3088
37 74 7311
37 75 3417
37 76 4406
37 77 9695
37 78 4319
37 79 3325
37 80 6289
37 81 8331
37 82 3851
37 83 3710
37 84 6629
37 85 6281
37 86 6596
37 87 6687
37 88 6856
37 89 7130
37 90 8223
37 91 4913
37 92 7849
37 93 7230
37 94 3296
37 95 4411
37 96 7290
37 97 1845
37 98 3984
37 99 7371
38 39 9744
38 40 7555
38 41 8310
38 42 8076
38 43 7109
38 44 11779
38 45 5320
38 46 8532
38 47 1048
38 48 2940
38 49 10958
38 50 7025
38 51 9259
38 52 3276
38 53 9389
38 54 6291
38 55 7618
38 56 9752
38 57 1878
38 58 5324
38 59 2616
38 60 5399
38 61 8246
38 62 6893
38 63 6523
38 64 9198
38 65 9188
38 66 3605
38 67 5191
38 68 7792
38 69 1379
38 70 4635
38 71 5311
38 72 5803
38 73 4658
38 74 9203
38 75 5514
38 76 6152
38 77 11754
38 78 5852
38 79 5704
38 80 7333
38 81 10177
38 82 5970
38 83 3952
38 84 6911
38 85 6507
38 86 8018
38 87 9042
38 88 8910
38 89 8624
38 90 10025
38 91 5756
38 92 8174
38 93 9526
38 94 5515
38 95 6022
38 96 7656
38 97 3596
38 98 3684
38 99 9515
39 40 12525
39 41 2258
39 42 6944
39 43 7374
39 44 8267
39 45 10903
39 46 8303
39 47 9164
39 48 8791
39 49 6649
39 50 2832
39 51 10802
39 52 10756
39 53 5891
39 54 8405
39 55 12085
39 56 5263
39 57 8519
39 58 4943
39 59 7509
39 60 4841
39 61 12499
39 62 3621
39 63 5465
39 64 11050
39 65 4754
39 66 10470
39 67 7481
39 68 12663
39 69 9380
39 70 9258
39 71 11933
39 72 6722
39 73 8458
39 74 8220
39 75 6494
39 76 4045
39 77 8103
39 78 8234
39 79 7073
39 80 9884
39 81 5437
39 82 4284
39 83 10105
39 84 12687
39 85 12449
39 86 9327
39 87 3471
39 88 1383
39 89 9802
39 90 9635
39 91 9622
39 92 13355
39 93 949
39 94 6734
39 95 4122
39 96 12228
39 97 8086
39 98 10505
39 99 945
40 41 10819
40 42 6399
40 43 5332
40 44 8718
40 45 2691
40 46 5227
40 47 7894
40 48 5442
40 49 8983
40 50 10469
40 51 3765
40 52 4628
40 53 8112
40 54 4249
40 55 970
40 56 8774
40 57 6277
40 58 8209
40 59 7508
40 60 9760
40 61 979
40 62 10171
40 63 7348
40 64 3771
40 65 8715
40 66 4394
40 67 5258
40 68 947
40 69 8664
40 70 3890
40 71 2781
40 72 5974
40 73 4461
40 74 5890
40 75 6346
40 76 10028
40 77 8826
40 78 4563
40 79 5408
40 80 2988
40 81 9579
40 82 9897
40 83 3927
40 84 1044
40 85 1758
40 86 3738
40 87 9331
40 88 11252
40 89 3895
40 90 5735
40 91 2771
40 92 1346
40 93 11667
40 94 6157
40 95 9632
40 96 504
40 97 5612
40 98 4106
40 99 11436
41 42 5213
41 43 5551
41 44 7251
41 45 9328
41 46 6870
41 47 8114
41 48 7070
41 49 5444
41 50 1731
41 51 9578
41 52 8918
41 53 4584
41 54 6625
41 55 10432
41 56 4108
41 57 7165
41 58 3526
41 59 6269
41 60 3831
41 61 10908
41 62 2100
41 63 3726
41 64 9289
41 65 3584
41 66 8427
41 67 5362
41 68 11328
41 69 8370
41 70 7523
41 71 10012
41 72 4860
41 73 6799
41 74 6815
41 75 4400
41 76 3441
41 77 6964
41 78 6080
41 79 5504
41 80 8036
41 81 4466
41 82 3319
41 83 8575
41 84 11006
41 85 10857
41 86 7799
41 87 2672
41 88 1066
41 89 8467
41 90 8101
41 91 7998
41 92 11443
41 93 1554
41 94 4978
41 95 2784
41 96 10772
41 97 6235
41 98 8828
41 99 1623
42 43 1328
42 44 4043
42 45 5833
42 46 1906
42 47 7923
42 48 5198
42 49 3348
42 50 5601
42 51 4427
42 52 6750
42 53 2177
42 54 2496
42 55 5970
42 56 2931
42 57 5889
42 58 4063
42 59 5954
42 60 6501
42 61 6256
42 62 5773
42 63 2648
42 64 4624
42 65 2763
42 66 6384
42 67 2891
42 68 6726
42 69 8352
42 70 4266
42 71 6505
42 72 2839
42 73 3711
42 74 1699
42 75 2700
42 76 6102
42 77 3968
42 78 2731
42 79 2448
42 80 3707
42 81 3519
42 82 5899
42 83 5909
42 84 6871
42 85 7054
42 86 2726
42 87 3914
42 88 5859
42 89 3560
42 90 3363
42 91 4002
42 92 7245
42 93 6211
42 94 2709
42 95 5559
42 96 6159
42 97 4783
42 98 6439
42 99 6161
43 44 4627
43 45 4850
43 46 1897
43 47 7126
43 48 4303
43 49 4473
43 50 5741
43 51 3914
43 52 5617
43 53 2935
43 54 1160
43 55 5197
43 56 3761
43 57 5396
43 58 4155
43 59 5427
43 60 5920
43 61 5375
43 62 6041
43 63 2370
43 64 4058
43 65 3477
43 66 5000
43 67 2290
43 68 5805
43 69 7628
43 70 3217
43 71 5913
43 72 1815
43 73 2786
43 74 2568
43 75 2119
43 76 6186
43 77 4990
43 78 1558
43 79 1735
43 80 3097
43 81 4623
43 82 5830
43 83 4637
43 84 5787
43 85 5817
43 86 2099
43 87 4316
43 88 6222
43 89 3067
43 90 3888
43 91 3274
43 92 6538
43 93 6824
43 94 2128
43 95 5389
43 96 5466
43 97 4186
43 98 5254
43 99 6763
44 45 8789
44 46 3444
44 47 11691
44 48 8810
44 49 2016
44 50 8455
44 51 5175
44 52 10256
44 53 3010
44 54 5659
44 55 8052
44 56 3444
44 57 9691
44 58 7652
44 59 9689
44 60 9476
44 61 8102
44 62 8589
44 63 5615
44 64 5371
44 65 3939
44 66 9684
44 67 6844
44 68 8917
44 69 12047
44 70 7716
44 71 9581
44 72 6153
44 73 7181
44 74 2852
44 75 6240
44 76 9269
44 77 894
44 78 6088
44 79 6567
44 80 6175
44 81 3484
44 82 9009
44 83 9261
44 84 9428
44 85 9383
44 86 4810
44 87 5055
44 88 7499
44 89 5140
44 90 3426
44 91 7108
44 92 9419
44 93 7843
44 94 6383
44 95 8438
44 96 8225
44 97 8448
44 98 9882
44 99 7732
45 46 5455
45 47 5161
45 48 3296
45 49 8741
45 50 8617
45 51 5032
45 52 2297
45 53 7459
45 54 3751
45 55 2873
45 56 8278
45 57 3764
45 58 6389
45 59 5009
45 60 7705
45 61 3239
45 62 8559
45 63 6134
45 64 4946
45 65 8056
45 66 2027
45 67 3970
45 68 2933
45 69 6178
45 70 2207
45 71 1231
45 72 4707
45 73 2884
45 74 6081
45 75 4733
45 76 8346
45 77 9343
45 78 3495
45 79 3966
45 80 3429
45 81 9185
45 82 7911
45 83 1572
45 84 2045
45 85 2119
45 86 4255
45 87 8557
45 88 9736
45 89 4634
45 90 6409
45 91 2067
45 92 3471
45 93 10157
45 94 4795
45 95 7710
45 96 3015
45 97 3264
45 98 1448
45 99 10099
46 47 8535
46 48 5882
46 49 4074
46 50 7608
46 51 2603
46 52 7073
46 53 3343
46 54 2438
46 55 4952
46 56 4249
46 57 6614
46 58 6065
46 59 7191
46 60 7920
46 61 4988
46 62 7718
46 63 4306
46 64 2753
46 65 4223
46 66 6477
46 67 3675
46 68 5891
46 69 9404
46 70 4291
46 71 6266
46 72 3755
46 73 4355
46 74 906
46 75 4158
46 76 7831
46 77 3848
46 78 3153
46 79 3731
46 80 2472
46 81 4445
46 82 7655
46 83 5946
46 84 6166
46 85 6229
46 86 1597
46 87 5455
46 88 7174
46 89 2142
46 90 1720
46 91 3727
46 92 6239
46 93 8100
46 94 4134
46 95 7087
46 96 5051
46 97 5368
46 98 6451
46 99 7759
47 48 2837
47 49 10846
47 50 6354
47 51 9408
47 52 3237
47 53 9037
47 54 6520
47 55 8104
47 56 9377
47 57 1907
47 58 5255
47 59 2062
47 60 4773
47 61 8200
47 62 6084
47 63 6318
47 64 9277
47 65 8976
47 66 3626
47 67 5028
47 68 8070
47 69 928
47 70 4622
47 71 5829
47 72 5523
47 73 4497
47 74 9040
47 75 5280
47 76 5694
47 77 11344
47 78 5729
47 79 5480
47 80 7565
47 81 9851
47 82 5382
47 83 4096
47 84 7125
47 85 6738
47 86 7639
47 87 8698
47 88 8416
47 89 8559
47 90 9854
47 91 5878
47 92 8374
47 93 9016
47 94 5454
47 95 5916
47 96 7965
47 97 3241
47 98 4161
47 99 9252
48 49 8222
48 50 6001
48 51 6611
48 52 2280
48 53 6912
48 54 3728
48 55 5611
48 56 7120
48 57 1217
48 58 3728
48 59 2094
48 60 4967
48 61 5964
48 62 5853
48 63 4330
48 64 6366
48 65 6658
48 66 1885
48 67 2653
48 68 5504
48 69 4054
48 70 1872
48 71 3653
48 72 2891
48 73 1927
48 74 6398
48 75 2961
48 76 5606
48 77 8783
48 78 2821
48 79 2974
48 80 4682
48 81 8016
48 82 5406
48 83 1846
48 84 5238
48 85 5018
48 86 5110
48 87 7162
48 88 7772
48 89 5673
48 90 7130
48 91 3257
48 92 6450
48 93 8010
48 94 2869
48 95 5383
48 96 5546
48 97 640
48 98 2313
48 99 8305
49 50 6990
49 51 6114
49 52 9927
49 53 1641
49 54 5564
49 55 8594
49 56 2066
49 57 9340
49 58 6254
49 59 8964
49 60 8540
49 61 8523
49 62 7230
49 63 4812
49 64 6519
49 65 2510
49 66 9586
49 67 6365
49 68 9609
49 69 11259
49 70 7362
49 71 10027
49 72 5772
49 73 7258
49 74 3254
49 75 5711
49 76 8118
49 77 1470
49 78 5966
49 79 5968
49 80 6221
49 81 1544
49 82 8079
49 83 8896
49 84 10000
49 85 10109
49 86 5276
49 87 3601
49 88 5553
49 89 5786
49 90 4289
49 91 7421
49 92 9768
49 93 6103
49 94 5627
49 95 6862
49 96 9150
49 97 8089
49 98 9648
49 99 6050
50 51 9901
50 52 8091
50 53 5835
50 54 6490
50 55 9914
50 56 5107
50 57 5891
50 58 2747
50 59 4964
50 60 2509
50 61 10665
50 62 772
50 63 3528
50 64 9827
50 65 4625
50 66 7648
50 67 5445
50 68 10673
50 69 6760
50 70 6822
50 71 9511
50 72 4676
50 73 5978
50 74 7323
50 75 4401
50 76 1763
50 77 7889
50 78 6162
50 79 5144
50 80 8385
50 81 5666
50 82 1526
50 83 7795
50 84 10448
50 85 10225
50 86 7887
50 87 4034
50 88 2694
50 89 8821
50 90 9060
50 91 7759
50 92 11151
50 93 2750
50 94 4789
50 95 1292
50 96 10336
50 97 5434
50 98 8273
50 99 2788
51 52 6979
51 53 5445
51 54 3988
51 55 2998
51 56 6558
51 57 7655
51 58 7897
51 59 8329
51 60 9923
51 61 3146
51 62 9404
51 63 6189
51 64 353
51 65 6538
51 66 6461
51 67 5337
51 68 4292
51 69 10105
51 70 4869
51 71 5829
51 72 5816
51 73 5146
51 74 3128
51 75 5971
51 76 10236
51 77 5639
51 78 4306
51 79 5262
51 80 2383
51 81 7137
51 82 9801
51 83 5979
51 84 4560
51 85 4782
51 86 1972
51 87 7647
51 88 9736
51 89 1155
51 90 2097
51 91 3483
51 92 4246
51 93 10346
51 94 5696
51 95 9441
51 96 3467
51 97 6673
51 98 6409
51 99 10296
52 53 8448
52 54 4551
52 55 4861
52 56 9065
52 57 2433
52 58 5934
52 59 3898
52 60 6685
52 61 5311
52 62 7701
52 63 6540
52 64 7085
52 65 8846
52 66 733
52 67 4312
52 68 4553
52 69 4269
52 70 2739
52 71 2566
52 72 4896
52 73 3324
52 74 7740
52 75 5124
52 76 7205
52 77 10244
52 78 4463
52 79 4821
52 80 4963
52 81 9780
52 82 7471
52 83 1454
52 84 3962
52 85 3592
52 86 5720
52 87 8908
52 88 9777
52 89 6273
52 90 8171
52 91 3563
52 92 5213
52 93 10216
52 94 5077
52 95 7285
52 96 5011
52 97 3042
52 98 802
52 99 9982
53 54 4385
53 55 7432
53 56 1318
53 57 7689
53 58 4975
53 59 7536
53 60 6993
53 61 7863
53 62 6091
53 63 2939
53 64 5607
53 65 1516
53 66 8220
53 67 4637
53 68 8606
53 69 9587
53 70 6367
53 71 8844
53 72 4356
53 73 5747
53 74 2571
53 75 4020
53 76 6991
53 77 2856
53 78 4767
53 79 4367
53 80 5167
53 81 1516
53 82 6602
53 83 7422
53 84 8467
53 85 8824
53 86 4251
53 87 2814
53 88 5115
53 89 4854
53 90 4146
53 91 5788
53 92 9001
53 93 5518
53 94 4034
53 95 5623
53 96 7681
53 97 6579
53 98 8077
53 99 5184
54 55 4104
54 56 5129
54 57 4563
54 58 4149
54 59 4851
54 60 6361
54 61 4264
54 62 6502
54 63 3142
54 64 3728
54 65 4606
54 66 3895
54 67 1670
54 68 5232
54 69 7182
54 70 2212
54 71 4764
54 72 2300
54 73 2104
54 74 3186
54 75 2471
54 76 6408
54 77 5729
54 78 691
54 79 1505
54 80 2069
54 81 5587
54 82 6245
54 83 3536
54 84 4875
54 85 5020
54 86 1872
54 87 5431
54 88 6963
54 89 2882
54 90 4282
54 91 2038
54 92 5182
54 93 7687
54 94 1929
54 95 5884
54 96 4437
54 97 3519
54 98 4300
54 99 7581
55 56 8502
55 57 6422
55 58 7929
55 59 7593
55 60 9953
55 61 462
55 62 10084
55 63 7301
55 64 2804
55 65 8439
55 66 4296
55 67 4985
55 68 1498
55 69 8936
55 70 3909
55 71 3391
55 72 5639
55 73 4337
55 74 5416
55 75 6316
55 76 10211
55 77 8404
55 78 4324
55 79 5482
55 80 2393
55 81 8889
55 82 10083
55 83 4322
55 84 1725
55 85 2179
55 86 3209
55 87 9006
55 88 10591
55 89 3204
55 90 4869
55 91 2972
55 92 1775
55 93 11534
55 94 5796
55 95 9655
55 96 726
55 97 5406
55 98 4448
55 99 11315
56 57 8007
56 58 5025
56 59 7207
56 60 6507
56 61 8779
56 62 5177
56 63 3194
56 64 6837
56 65 824
56 66 8540
56 67 4874
56 68 9543
56 69 9978
56 70 6471
56 71 9401
56 72 4350
56 73 6328
56 74 3435
56 75 4559
56 76 6321
56 77 3074
56 78 4986
56 79 4750
56 80 5972
56 81 1294
56 82 6140
56 83 8259
56 84 9361
56 85 9345
56 86 5418
56 87 1688
56 88 4036
56 89 5793
56 90 5052
56 91 6556
56 92 9912
56 93 4310
56 94 4533
56 95 5449
56 96 8773
56 97 6580
56 98 8819
56 99 4418
57 58 4198
57 59 1702
57 60 4354
57 61 6911
57 62 5422
57 63 5064
57 64 7455
57 65 7341
57 66 2471
57 67 3091
57 68 6693
57 69 2647
57 70 3095
57 71 4531
57 72 3806
57 73 3033
57 74 7075
57 75 3975
57 76 5209
57 77 9807
57 78 4160
57 79 3703
57 80 5913
57 81 8418
57 82 5116
57 83 2677
57 84 5912
57 85 5386
57 86 6064
57 87 7222
57 88 7898
57 89 6458
57 90 8513
57 91 4104
57 92 7055
57 93 8387
57 94 3949
57 95 5005
57 96 6629
57 97 1566
57 98 2622
57 99 8142
58 59 3009
58 60 2535
58 61 8296
58 62 2079
58 63 2422
58 64 7897
58 65 4125
58 66 5433
58 67 2801
58 68 8543
58 69 5321
58 70 4619
58 71 7281
58 72 2559
58 73 3730
58 74 5928
58 75 2276
58 76 2555
58 77 7374
58 78 3912
58 79 2835
58 80 6193
58 81 5496
58 82 2336
58 83 5332
58 84 8056
58 85 8270
58 86 5746
58 87 3858
58 88 4221
58 89 6594
58 90 7195
58 91 5495
58 92 8916
58 93 4711
58 94 2286
58 95 1894
58 96 8236
58 97 3389
58 98 5820
58 99 4322
59 60 3116
59 61 8048
59 62 4540
59 63 4781
59 64 8330
59 65 6916
59 66 3949
59 67 3393
59 68 7566
59 69 2505
59 70 3938
59 71 5849
59 72 3796
59 73 3482
59 74 7733
59 75 3777
59 76 3946
59 77 9602
59 78 4570
59 79 3559
59 80 6674
59 81 8318
59 82 3526
59 83 3700
59 84 7033
59 85 7117
59 86 6496
59 87 7002
59 88 6713
59 89 7318
59 90 8898
59 91 5443
59 92 8114
59 93 7421
59 94 3844
59 95 3884
59 96 7858
59 97 2389
59 98 4386
59 99 7030
60 61 10354
60 62 2066
60 63 4249
60 64 10036
60 65 5918
60 66 6555
60 67 4729
60 68 9986
60 69 4763
60 70 6051
60 71 8690
60 72 4244
60 73 5350
60 74 7761
60 75 4299
60 76 1186
60 77 9554
60 78 5892
60 79 4743
60 80 8403
60 81 7121
60 82 993
60 83 6674
60 84 9470
60 85 9628
60 86 7882
60 87 5279
60 88 4563
60 89 8837
60 90 9503
60 91 7372
60 92 10770
60 93 4514
60 94 4289
60 95 1347
60 96 9733
60 97 4422
60 98 6760
60 99 4997
61 62 10314
61 63 7640
61 64 2805
61 65 8671
61 66 4989
61 67 5375
61 68 1446
61 69 9167
61 70 4283
61 71 3493
61 72 6096
61 73 4958
61 74 5600
61 75 6413
61 76 10502
61 77 8517
61 78 4893
61 79 5987
61 80 2538
61 81 9316
61 82 10299
61 83 4475
61 84 2180
61 85 2384
61 86 3773
61 87 9407
61 88 11127
61 89 3278
61 90 4897
61 91 3191
61 92 1751
61 93 11732
61 94 6068
61 95 9790
61 96 562
61 97 5851
61 98 4670
61 99 11447
62 63 3470
62 64 9422
62 65 5192
62 66 7380
62 67 4968
62 68 10666
62 69 6108
62 70 6753
62 71 9159
62 72 4147
62 73 6116
62 74 7551
62 75 4210
62 76 1161
62 77 8491
62 78 6153
62 79 5099
62 80 8239
62 81 5792
62 82 1154
62 83 7156
62 84 10118
62 85 10179
62 86 7729
62 87 4342
62 88 3106
62 89 8320
62 90 9022
62 91 7608
62 92 11234
62 93 3303
62 94 4442
62 95 696
62 96 10056
62 97 5150
62 98 7758
62 99 3231
63 64 6510
63 65 2584
63 66 6146
63 67 2646
63 68 7933
63 69 6929
63 70 4197
63 71 6959
63 72 1617
63 73 3701
63 74 3818
63 75 1584
63 76 4063
63 77 5409
63 78 3075
63 79 2313
63 80 4949
63 81 4032
63 82 4199
63 83 5473
63 84 7467
63 85 7819
63 86 4380
63 87 3064
63 88 4064
63 89 4980
63 90 5494
63 91 4750
63 92 8415
63 93 4483
63 94 1749
63 95 3079
63 96 7452
63 97 4131
63 98 6384
63 99 4365
64 65 6551
64 66 6557
64 67 5125
64 68 4347
64 69 10228
64 70 5019
64 71 5466
64 72 5839
64 73 4875
64 74 3622
64 75 6140
64 76 9888
64 77 6026
64 78 4399
64 79 5488
64 80 2346
64 81 6847
64 82 9685
64 83 5742
64 84 4538
64 85 4877
64 86 2243
64 87 7687
64 88 9976
64 89 1546
64 90 2500
64 91 3858
64 92 4084
64 93 10472
64 94 5843
64 95 9442
64 96 3072
64 97 6515
64 98 6056
64 99 10339
65 66 7965
65 67 4945
65 68 9130
65 69 9236
65 70 6614
65 71 9089
65 72 3828
65 73 5743
65 74 3337
65 75 3805
65 76 5871
65 77 3530
65 78 4628
65 79 4240
65 80 5902
65 81 1445
65 82 5623
65 83 7664
65 84 9261
65 85 9389
65 86 4931
65 87 1456
65 88 3944
65 89 5632
65 90 5224
65 91 6468
65 92 9650
65 93 4274
65 94 4078
65 95 5009
65 96 8478
65 97 6428
65 98 8051
65 99 3856
66 67 3794
66 68 4556
66 69 4501
66 70 2196
66 71 2239
66 72 4356
66 73 2458
66 74 7160
66 75 4564
66 76 7081
66 77 9874
66 78 3643
66 79 3857
66 80 4532
66 81 9206
66 82 7057
66 83 797
66 84 3922
66 85 3264
66 86 5079
66 87 8315
66 88 9570
66 89 5692
66 90 7657
66 91 2968
66 92 4829
66 93 10079
66 94 4398
66 95 7058
66 96 4386
66 97 2409
66 98 795
66 99 9664
67 68 5718
67 69 5729
67 70 1881
67 71 4830
67 72 1121
67 73 1245
67 74 4177
67 75 1164
67 76 5244
67 77 6607
67 78 1135
67 79 762
67 80 3592
67 81 5793
67 82 5198
67 83 3402
67 84 5306
67 85 5276
67 86 3293
67 87 5219
67 88 6064
67 89 4233
67 90 5362
67 91 2673
67 92 6531
67 93 6889
67 94 746
67 95 4595
67 96 5244
67 97 1994
67 98 3902
67 99 6856
68 69 8944
68 70 4011
68 71 2759
68 72 6437
68 73 4886
68 74 6450
68 75 6825
68 76 10404
68 77 9403
68 78 5045
68 79 5917
68 80 3702
68 81 10065
68 82 10658
68 83 4429
68 84 821
68 85 1369
68 86 4731
68 87 10010
68 88 11553
68 89 4212
68 90 6271
68 91 3617
68 92 588
68 93 12169
68 94 6286
68 95 9842
68 96 1267
68 97 5742
68 98 4246
68 99 12108
69 70 5725
69 71 6373
69 72 5788
69 73 5577
69 74 9719
69 75 6006
69 76 5549
69 77 12067
69 78 6344
69 79 5925
69 80 8380
69 81 10364
69 82 5418
69 83 4849
69 84 8244
69 85 7510
69 86 8869
69 87 8940
69 88 8949
69 89 9251
69 90 11025
69 91 7038
69 92 9283
69 93 9066
69 94 5791
69 95 5766
69 96 8698
69 97 4102
69 98 4725
69 99 9168
70 71 3088
70 72 3156
70 73 956
70 74 5325
70 75 3022
70 76 6893
70 77 8039
70 78 1853
70 79 2388
70 80 2964
70 81 7435
70 82 6315
70 83 1914
70 84 3573
70 85 3922
70 86 3667
70 87 6693
70 88 8001
70 89 4163
70 90 5541
70 91 1392
70 92 4611
70 93 8600
70 94 2785
70 95 6035
70 96 3909
70 97 2191
70 98 2089
70 99 8662
71 72 5646
71 73 3661
71 74 7365
71 75 6147
71 76 9181
71 77 10352
71 78 4283
71 79 5149
71 80 4123
71 81 9840
71 82 9084
71 83 2364
71 84 1688
71 85 1455
71 86 5017
71 87 9409
71 88 10790
71 89 5265
71 90 7248
71 91 3024
71 92 3184
71 93 11267
71 94 5751
71 95 8441
71 96 3057
71 97 4153
71 98 1988
71 99 11387
72 73 2253
72 74 3942
72 75 563
72 76 4478
72 77 6270
72 78 1683
72 79 851
72 80 4030
72 81 4973
72 82 4664
72 83 4135
72 84 6105
72 85 6322
72 86 3826
72 87 4260
72 88 5398
72 89 4682
72 90 5539
72 91 3343
72 92 7201
72 93 5765
72 94 300
72 95 3657
72 96 6315
72 97 2850
72 98 4735
72 99 5663
73 74 4788
73 75 2611
73 76 6029
73 77 7397
73 78 1360
73 79 1964
73 80 3221
73 81 6831
73 82 5802
73 83 2380
73 84 4491
73 85 4670
73 86 3540
73 87 6182
73 88 7321
73 89 3997
73 90 5537
73 91 1755
73 92 5274
73 93 7835
73 94 2124
73 95 5350
73 96 4696
73 97 1900
73 98 2543
73 99 7988
74 75 4365
74 76 8107
74 77 3278
74 78 3468
74 79 3898
74 80 3289
74 81 3748
74 82 7666
74 83 6446
74 84 6610
74 85 6885
74 86 2312
74 87 4940
74 88 7081
74 89 2891
74 90 2103
74 91 4315
74 92 6709
74 93 7660
74 94 4338
74 95 6920
74 96 5826
74 97 6133
74 98 6762
74 99 7564
75 76 4287
75 77 6560
75 78 2321
75 79 1082
75 80 4362
75 81 5338
75 82 3937
75 83 4181
75 84 6343
75 85 6683
75 86 3838
75 87 4139
75 88 5098
75 89 4689
75 90 5713
75 91 3634
75 92 7422
75 93 5757
75 94 674
75 95 3382
75 96 6424
75 97 2723
75 98 4887
75 99 5568
76 77 9294
76 78 6320
76 79 4961
76 80 8451
76 81 6748
76 82 341
76 83 7014
76 84 10019
76 85 9815
76 86 8150
76 87 4744
76 88 3808
76 89 8657
76 90 9392
76 91 7675
76 92 11254
76 93 3929
76 94 4593
76 95 1163
76 96 10227
76 97 5017
76 98 7393
76 99 4120
77 78 6333
77 79 6563
77 80 6552
77 81 2749
77 82 9175
77 83 9696
77 84 9639
77 85 9785
77 86 5198
77 87 4815
77 88 6869
77 89 5537
77 90 3682
77 91 7546
77 92 9668
77 93 7128
77 94 6281
77 95 8269
77 96 8903
77 97 8750
77 98 9937
77 99 7412
78 79 1415
78 80 2515
78 81 5825
78 82 5753
78 83 3207
78 84 4995
78 85 4779
78 86 2451
78 87 5248
78 88 6671
78 89 3312
78 90 4429
78 91 2115
78 92 5350
78 93 7440
78 94 1914
78 95 5425
78 96 4457
78 97 2713
78 98 3997
78 99 7473
79 80 3459
79 81 5652
79 82 4961
79 83 3715
79 84 5929
79 85 5850
79 86 3259
79 87 4602
79 88 6055
79 89 4069
79 90 5384
79 91 3015
79 92 6493
79 93 6266
79 94 734
79 95 4366
79 96 5778
79 97 2424
79 98 4400
79 99 6583
80 81 6732
80 82 7989
80 83 4174
80 84 3439
80 85 4036
80 86 1214
80 87 6996
80 88 8950
80 89 1294
80 90 3593
80 91 1775
80 92 4038
80 93 9227
80 94 4121
80 95 7871
80 96 2615
80 97 4384
80 98 4527
80 99 9385
81 82 6905
81 83 9052
81 84 9862
81 85 10069
81 86 5835
81 87 2290
81 88 4174
81 89 6128
81 90 5225
81 91 7289
81 92 10180
81 93 4589
81 94 5202
81 95 5821
81 96 9195
81 97 7430
81 98 9346
81 99 4399
82 83 7187
82 84 10113
82 85 9913
82 86 7711
82 87 4724
82 88 3793
82 89 8887
82 90 9345
82 91 7464
82 92 10736
82 93 4144
82 94 4456
82 95 860
82 96 10127
82 97 4968
82 98 7162
82 99 3964
83 84 3732
83 85 3212
83 86 4666
83 87 8116
83 88 8902
83 89 5427
83 90 7030
83 91 2461
83 92 4504
83 93 9607
83 94 4001
83 95 6596
83 96 4148
83 97 2363
83 98 755
83 99 9781
84 85 920
84 86 4557
84 87 9926
84 88 11598
84 89 4526
84 90 6544
84 91 2920
84 92 1251
84 93 11993
84 94 5983
84 95 9665
84 96 1442
84 97 5359
84 98 3458
84 99 11688
85 86 4682
85 87 10055
85 88 11610
85 89 4631
85 90 7052
85 91 3237
85 92 1925
85 93 11994
85 94 6370
85 95 9747
85 96 2152
85 97 5453
85 98 3005
85 99 11819
86 87 6305
86 88 8016
86 89 831
86 90 2384
86 91 2477
86 92 4879
86 93 8879
86 94 3865
86 95 7344
86 96 3924
86 97 4936
86 98 5385
86 99 8726
87 88 2429
87 89 6876
87 90 6440
87 91 6900
87 92 10757
87 93 2904
87 94 4610
87 95 4316
87 96 9408
87 97 6583
87 98 8677
87 99 2786
88 89 8608
88 90 8349
88 91 8698
88 92 11900
88 93 792
88 94 5558
88 95 3055
88 96 11225
88 97 7061
88 98 9808
88 99 958
89 90 2287
89 91 2652
89 92 4723
89 93 9237
89 94 4466
89 95 8245
89 96 3490
89 97 5350
89 98 5573
89 99 9066
90 91 4965
90 92 6179
90 93 9004
90 94 5458
90 95 8827
90 96 5202
90 97 7005
90 98 7284
90 99 8898
91 92 3690
91 93 9279
91 94 3519
91 95 6924
91 96 2751
91 97 3187
91 98 2977
91 99 8821
92 93 12635
92 94 6993
92 95 10593
92 96 1545
92 97 6554
92 98 4362
92 99 12439
93 94 6128
93 95 3381
93 96 11797
93 97 7460
93 98 10365
93 99 247
94 95 3834
94 96 6140
94 97 2571
94 98 4625
94 99 6045
95 96 9828
95 97 4640
95 98 7063
95 99 3398
96 97 5964
96 98 4155
96 99 11703
97 98 2917
97 99 7460
98 99 9962
