# --------- Instancia para o programa mo420-network-design.e  ---------
# Gerado por ../bin/mo420-network-design-gera-entrada.e 4 20 100 20 80 2
# --------- Cabecalho com dados gerais ---------
nnodes nedges capacity gamma
20 190 100 2
# --------- Dados referentes aos vertices ---------
nodename posx posy weight
0 7222 8018 58
1 1774 282 22
2 9770 2590 70
3 1261 9448 40
4 7486 2474 56
5 7209 5013 69
6 7122 3037 45
7 4962 7120 53
8 4701 3309 29
9 1616 1039 69
10 7747 9887 28
11 6301 5174 31
12 2698 149 28
13 2572 5685 62
14 7034 3521 53
15 4550 556 34
16 7624 1671 52
17 5365 2606 43
18 5177 2946 63
19 1020 434 69
# --------- Dados referentes aas arestas ---------
endpoint1 endpoint2 distance
0 1 9792
0 2 6319
0 3 6197
0 4 5890
0 5 3403
0 6 5126
0 7 2886
0 8 5806
0 9 9140
0 10 2203
0 11 3264
0 12 9409
0 13 5262
0 14 4867
0 15 8055
0 16 6671
0 17 6071
0 18 5894
0 19 10138
1 2 8639
1 3 9477
1 4 6533
1 5 7661
1 6 6050
1 7 7756
1 8 4600
1 9 1194
1 10 11313
1 11 6929
1 12 1284
1 13 5953
1 14 6352
1 15 3198
1 16 6161
1 17 4296
1 18 4485
1 19 1018
2 3 11333
2 4 2686
2 5 3668
2 6 2797
2 7 6727
2 8 5429
2 9 8581
2 10 8003
2 11 4400
2 12 7722
2 13 8198
2 14 3110
2 15 5736
2 16 2801
2 17 4414
2 18 4921
2 19 9245
3 4 9481
3 5 7598
3 6 8948
3 7 4721
3 8 7289
3 9 8814
3 10 6959
3 11 6611
3 12 9856
3 13 4467
3 14 8544
3 15 9580
3 16 10452
3 17 8189
3 18 8050
3 19 9214
4 5 2597
4 6 702
4 7 5534
4 8 3236
4 9 6342
4 10 7674
4 11 3127
4 12 5632
4 13 5895
4 14 1604
4 15 3608
4 16 844
4 17 2125
4 18 2440
4 19 7153
5 6 2344
5 7 3559
5 8 3229
5 9 7096
5 10 5311
5 11 986
5 12 6736
5 13 4694
5 14 1826
5 15 5533
5 16 3571
5 17 3135
5 18 3312
5 19 8039
6 7 4715
6 8 2538
6 9 5930
6 10 7362
6 11 2525
6 12 5727
6 13 5670
6 14 574
6 15 3917
6 16 1954
6 17 2139
6 18 2048
6 19 7000
7 8 3901
7 9 7405
7 10 4376
7 11 2521
7 12 7462
7 13 2895
7 14 4273
7 15 6605
7 16 6559
7 17 4699
7 18 4187
7 19 8064
8 9 3965
8 10 7732
8 11 2933
8 12 4033
8 13 3382
8 14 2826
8 15 3016
8 16 3812
8 17 1305
8 18 937
8 19 5039
9 10 11191
9 11 6414
9 12 1770
9 13 5135
9 14 6397
9 15 3469
9 16 6478
9 17 4398
9 18 4371
9 19 849
10 11 4943
10 12 11454
10 13 7014
10 14 6647
10 15 9941
10 16 8283
10 17 7865
10 18 7732
10 19 11992
11 12 6545
11 13 4001
11 14 1970
11 15 4982
11 16 4136
11 17 2883
11 18 2562
11 19 7351
12 13 5829
12 14 5810
12 15 1921
12 16 5446
12 17 3874
12 18 3930
12 19 1945
13 14 5188
13 15 5669
13 16 6550
13 17 4220
13 18 4137
13 19 5776
14 15 4075
14 16 2149
14 17 2382
14 18 2048
14 19 7198
15 16 3334
15 17 2425
15 18 2535
15 19 3820
16 17 2698
16 18 3153
16 19 6732
17 18 683
17 19 5263
18 19 4993
