# --------- Instancia para o programa mo420-network-design.e  ---------
# Gerado por ../bin/mo420-network-design-gera-entrada.e 4 100 1000 100 800 10
# --------- Cabecalho com dados gerais ---------
nnodes nedges capacity gamma
100 4950 1000 10
# --------- Dados referentes aos vertices ---------
nodename posx posy weight
0 7222 8018 565
1 1774 282 500
2 9770 2590 531
3 1261 9448 742
4 7486 2474 639
5 7209 5013 284
6 7122 3037 521
7 4962 7120 149
8 4701 3309 174
9 1616 1039 291
10 7747 9887 705
11 6301 5174 717
12 2698 149 144
13 2572 5685 516
14 7034 3521 664
15 4550 556 245
16 7624 1671 239
17 5365 2606 225
18 5177 2946 606
19 1020 434 768
20 7115 7486 764
21 9157 7010 617
22 6395 1701 402
23 6389 3291 122
24 7633 407 447
25 1420 1277 524
26 6870 8382 760
27 2699 8888 211
28 3564 8221 772
29 714 2602 311
30 8460 2470 550
31 8834 1456 582
32 4005 1808 495
33 6871 6670 319
34 9876 145 390
35 8594 6756 153
36 2293 4548 640
37 4370 4804 186
38 12 5198 104
39 8863 162 415
40 2888 9463 520
41 7273 2496 485
42 4125 2059 557
43 2191 3165 265
44 9205 6355 271
45 3344 4629 304
46 2505 6573 491
47 1956 3434 104
48 5136 9148 325
49 9681 3867 561
50 4409 2140 120
51 9704 690 256
52 322 9834 544
53 7979 1619 621
54 9948 2507 548
55 5162 9639 475
56 8901 795 743
57 4126 6284 399
58 339 5648 389
59 4590 5076 441
60 411 1464 751
61 5174 9445 123
62 2437 2100 106
63 3521 8886 296
64 9418 690 554
65 8191 271 393
66 2452 1509 743
67 8210 645 378
68 2846 9845 562
69 440 1836 164
70 5026 2539 352
71 214 5271 406
72 727 8820 405
73 6102 1561 387
74 5109 5109 634
75 879 8182 732
76 825 1140 441
77 1036 5335 665
78 9294 2625 236
79 47 667 448
80 8830 7217 376
81 426 1295 291
82 1795 500 121
83 2096 865 181
84 2234 7435 367
85 1690 6773 655
86 9824 6889 505
87 8557 6828 622
88 8747 2308 208
89 9624 7325 317
90 4691 9487 111
91 6874 3907 482
92 2576 788 260
93 9335 1304 181
94 9458 9920 217
95 2695 1790 486
96 3460 8873 350
97 5040 8906 442
98 1148 1131 572
99 8285 1574 562
# --------- Dados referentes aas arestas ---------
endpoint1 endpoint2 distance
0 1 9683
0 2 6036
0 3 6327
0 4 5988
0 5 3398
0 6 4983
0 7 2733
0 8 5598
0 9 9445
0 10 2009
0 11 3136
0 12 9416
0 13 5295
0 14 4890
0 15 8064
0 16 6759
0 17 6056
0 18 5583
0 19 9876
0 20 674
0 21 2289
0 22 6542
0 23 4802
0 24 8106
0 25 8925
0 26 784
0 27 5088
0 28 3804
0 29 8743
0 30 6150
0 31 6852
0 32 7490
0 33 1634
0 34 8497
0 35 2028
0 36 6485
0 37 4419
0 38 8214
0 39 8493
0 40 4960
0 41 5810
0 42 7158
0 43 7069
0 44 2856
0 45 5593
0 46 5295
0 47 7307
0 48 2679
0 49 4878
0 50 6782
0 51 7928
0 52 7263
0 53 6906
0 54 6541
0 55 2621
0 56 7497
0 57 3747
0 58 7416
0 59 4425
0 60 9667
0 61 2714
0 62 7682
0 63 4233
0 64 7972
0 65 8151
0 66 8150
0 67 7935
0 68 4864
0 69 9374
0 70 5911
0 71 7978
0 72 6579
0 73 6613
0 74 3998
0 75 6845
0 76 9659
0 77 6770
0 78 5826
0 79 10617
0 80 2063
0 81 9787
0 82 9358
0 83 9246
0 84 5031
0 85 6009
0 86 3325
0 87 2046
0 88 6001
0 89 2981
0 90 3128
0 91 4149
0 92 8876
0 93 7528
0 94 3408
0 95 7980
0 96 3976
0 97 2798
0 98 9610
0 99 6937
1 2 8659
1 3 9384
1 4 6381
1 5 7346
1 6 6396
1 7 7620
1 8 4258
1 9 819
1 10 11331
1 11 6711
1 12 1047
1 13 5793
1 14 6397
1 15 3039
1 16 6110
1 17 4487
1 18 4731
1 19 1114
1 20 9463
1 21 10240
1 22 4961
1 23 5875
1 24 6209
1 25 1283
1 26 9645
1 27 8837
1 28 8200
1 29 3043
1 30 7319
1 31 7306
1 32 2906
1 33 8413
1 34 8369
1 35 9777
1 36 4681
1 37 5237
1 38 5401
1 39 7512
1 40 9584
1 41 6135
1 42 3434
1 43 3138
1 44 9849
1 45 4725
1 46 6693
1 47 3518
1 48 9731
1 49 8975
1 50 3407
1 51 8153
1 52 9663
1 53 6753
1 54 8945
1 55 10446
1 56 7390
1 57 6721
1 58 5820
1 59 6023
1 60 2072
1 61 10047
1 62 2107
1 63 9072
1 64 7702
1 65 6485
1 66 1721
1 67 6923
1 68 9627
1 69 2058
1 70 4160
1 71 5706
1 72 9035
1 73 4542
1 74 6231
1 75 8108
1 76 1467
1 77 5500
1 78 8203
1 79 1927
1 80 10262
1 81 1906
1 82 361
1 83 788
1 84 7543
1 85 6597
1 86 10430
1 87 9576
1 88 7311
1 89 10961
1 90 9771
1 91 6680
1 92 1226
1 93 7946
1 94 12337
1 95 1969
1 96 9160
1 97 9522
1 98 1479
1 99 6757
2 3 11070
2 4 2436
2 5 3544
2 6 2782
2 7 6822
2 8 5337
2 9 8709
2 10 7718
2 11 4586
2 12 7523
2 13 7877
2 14 3079
2 15 5796
2 16 2714
2 17 4612
2 18 4808
2 19 9220
2 20 5669
2 21 4545
2 22 3678
2 23 3673
2 24 3525
2 25 8639
2 26 6859
2 27 9535
2 28 8461
2 29 9550
2 30 1691
2 31 1954
2 32 6065
2 33 5300
2 34 2858
2 35 4606
2 36 7946
2 37 6235
2 38 10213
2 39 2943
2 40 10161
2 41 2913
2 42 6072
2 43 8006
2 44 4056
2 45 6915
2 46 8515
2 47 8285
2 48 8129
2 49 1493
2 50 5740
2 51 1951
2 52 12377
2 53 2289
2 54 480
2 55 8638
2 56 2452
2 57 7214
2 58 10404
2 59 5914
2 60 9820
2 61 8532
2 62 7593
2 63 9219
2 64 1971
2 65 3279
2 66 7685
2 67 2563
2 68 10393
2 69 9370
2 70 5060
2 71 10231
2 72 11387
2 73 3856
2 74 5550
2 75 10848
2 76 9093
2 77 9523
2 78 872
2 79 10135
2 80 4947
2 81 9899
2 82 8742
2 83 8236
2 84 9306
2 85 9255
2 86 4440
2 87 4513
2 88 1402
2 89 4851
2 90 8654
2 91 3463
2 92 7798
2 93 1627
2 94 7537
2 95 7377
2 96 9403
2 97 7892
2 98 8939
2 99 2250
3 4 9807
3 5 7715
3 6 8734
3 7 4767
3 8 7228
3 9 8661
3 10 6896
3 11 6791
3 12 9505
3 13 4270
3 14 8369
3 15 9878
3 16 10397
3 17 8116
3 18 7841
3 19 9343
3 20 6395
3 21 8704
3 22 9508
3 23 8272
3 24 11435
3 25 8481
3 26 5927
3 27 2004
3 28 2907
3 29 7144
3 30 10456
3 31 11221
3 32 8202
3 33 6627
3 34 12793
3 35 7998
3 36 5086
3 37 5910
3 38 4870
3 39 12368
3 40 1662
3 41 9334
3 42 7926
3 43 6604
3 44 8950
3 45 5435
3 46 3613
3 47 6224
3 48 4163
3 49 10266
3 50 8440
3 51 12463
3 52 1127
3 53 10366
3 54 11531
3 55 4320
3 56 11806
3 57 4721
3 58 4074
3 59 5888
3 60 8247
3 61 4313
3 62 7755
3 63 2554
3 64 12318
3 65 11755
3 66 8339
3 67 11384
3 68 2090
3 69 8063
3 70 7987
3 71 4513
3 72 1158
3 73 9307
3 74 6004
3 75 1558
3 76 8654
3 77 4296
3 78 10610
3 79 9162
3 80 8029
3 81 8255
3 82 9443
3 83 8807
3 84 2625
3 85 2792
3 86 9218
3 87 7784
3 88 10778
3 89 8690
3 90 3916
3 91 7973
3 92 8840
3 93 11477
3 94 8428
3 95 8154
3 96 2408
3 97 3871
3 98 8538
3 99 10940
4 5 2937
4 6 761
4 7 5348
4 8 2911
4 9 6414
4 10 7492
4 11 3188
4 12 5648
4 13 5997
4 14 1527
4 15 3659
4 16 1080
4 17 2443
4 18 2449
4 19 7206
4 20 5359
4 21 5329
4 22 1606
4 23 1547
4 24 2487
4 25 6356
4 26 6364
4 27 8498
4 28 7218
4 29 7267
4 30 1443
4 31 1712
4 32 3781
4 33 4356
4 34 3761
4 35 4482
4 36 5652
4 37 4126
4 38 8036
4 39 3166
4 40 8850
4 41 548
4 42 3798
4 43 5777
4 44 4727
4 45 4948
4 46 6758
4 47 5617
4 48 7491
4 49 3059
4 50 3272
4 51 2885
4 52 10611
4 53 1000
4 54 2618
4 55 7591
4 56 2295
4 57 5119
4 58 8067
4 59 4248
4 60 7627
4 61 7753
4 62 5556
4 63 7544
4 64 2783
4 65 2511
4 66 5213
4 67 2344
4 68 9050
4 69 7078
4 70 2704
4 71 7809
4 72 9551
4 73 1854
4 74 3974
4 75 9013
4 76 6877
4 77 7205
4 78 2097
4 79 8044
4 80 5222
4 81 7416
4 82 6454
4 83 5706
4 84 7529
4 85 7324
4 86 5202
4 87 4565
4 88 1481
4 89 5765
4 90 7983
4 91 1607
4 92 5369
4 93 2299
4 94 7865
4 95 4953
4 96 8029
4 97 7365
4 98 6649
4 99 1682
5 6 2380
5 7 3376
5 8 3049
5 9 7304
5 10 5080
5 11 1197
5 12 6800
5 13 5015
5 14 1939
5 15 5423
5 16 3427
5 17 3075
5 18 3046
5 19 8022
5 20 2923
5 21 3053
5 22 3417
5 23 2347
5 24 4722
5 25 7354
5 26 3750
5 27 6165
5 28 4898
5 29 7055
5 30 3009
5 31 3918
5 32 4949
5 33 2102
5 34 5901
5 35 2272
5 36 4993
5 37 2868
5 38 7437
5 39 5238
5 40 6689
5 41 2969
5 42 4379
5 43 5507
5 44 2562
5 45 4247
5 46 4960
5 47 5626
5 48 5010
5 49 3203
5 50 4244
5 51 5132
5 52 8461
5 53 3524
5 54 3817
5 55 5195
5 56 4971
5 57 3686
5 58 6940
5 59 2949
5 60 7915
5 61 4957
5 62 5821
5 63 5632
5 64 5231
5 65 5003
5 66 5949
5 67 4520
5 68 6532
5 69 7857
5 70 3615
5 71 7269
5 72 7733
5 73 3839
5 74 2303
5 75 7117
5 76 7879
5 77 6540
5 78 3639
5 79 8400
5 80 2857
5 81 7973
5 82 7499
5 83 6742
5 84 5857
5 85 5870
5 86 3595
5 87 2632
5 88 3521
5 89 3680
5 90 5550
5 91 1432
5 92 6768
5 93 4732
5 94 5649
5 95 5780
5 96 5671
5 97 4589
5 98 7403
5 99 3816
6 7 4691
6 8 2800
6 9 5951
6 10 7039
6 11 2463
6 12 5409
6 13 5424
6 14 834
6 15 3897
6 16 1936
6 17 2189
6 18 2198
6 19 6996
6 20 4849
6 21 4485
6 22 1746
6 23 1253
6 24 2819
6 25 6197
6 26 5521
6 27 7733
6 28 6336
6 29 6423
6 30 1838
6 31 2640
6 32 3567
6 33 3767
6 34 4212
6 35 4381
6 36 5418
6 37 3764
6 38 7867
6 39 3401
6 40 7981
6 41 886
6 42 3503
6 43 5071
6 44 4057
6 45 4507
6 46 6105
6 47 5620
6 48 6892
6 49 2977
6 50 2943
6 51 3987
6 52 9899
6 53 1860
6 54 3321
6 55 7163
6 56 3332
6 57 4474
6 58 7600
6 59 3267
6 60 6947
6 61 6792
6 62 5247
6 63 7205
6 64 3292
6 65 3364
6 66 5080
6 67 2901
6 68 8080
6 69 7044
6 70 2535
6 71 7273
6 72 8735
6 73 2175
6 74 3106
6 75 8561
6 76 6612
6 77 6719
6 78 2482
6 79 7876
6 80 5013
6 81 7409
6 82 6051
6 83 5887
6 84 7023
6 85 6667
6 86 5127
6 87 4552
6 88 1835
6 89 5255
6 90 6927
6 91 998
6 92 5542
6 93 2974
6 94 7766
6 95 4609
6 96 7203
6 97 6582
6 98 6444
6 99 2180
7 8 4017
7 9 7006
7 10 4107
7 11 2709
7 12 7612
7 13 3221
7 14 4515
7 15 6687
7 16 6178
7 17 4761
7 18 4225
7 19 8058
7 20 2584
7 21 4361
7 22 5960
7 23 4489
7 24 7455
7 25 6910
7 26 2704
7 27 3057
7 28 2156
7 29 6645
7 30 6072
7 31 6926
7 32 5665
7 33 2325
7 34 8647
7 35 3777
7 36 3889
7 37 2574
7 38 5403
7 39 8270
7 40 3350
7 41 5421
7 42 5135
7 43 4887
7 44 4498
7 45 3431
7 46 2658
7 47 5191
7 48 2448
7 49 5925
7 50 5469
7 51 8436
7 52 5718
7 53 6564
7 54 7063
7 55 2788
7 56 7537
7 57 1229
7 58 5042
7 59 2301
7 60 7388
7 61 2593
7 62 5868
7 63 2550
7 64 7874
7 65 7763
7 66 6431
7 67 7620
7 68 3451
7 69 7081
7 70 4614
7 71 5208
7 72 4670
7 73 5900
7 74 2043
7 75 4564
7 76 7507
7 77 4406
7 78 6251
7 79 8441
7 80 4285
7 81 7772
7 82 7723
7 83 7349
7 84 2770
7 85 3762
7 86 5121
7 87 3999
7 88 6125
7 89 4765
7 90 2487
7 91 4026
7 92 6824
7 93 7436
7 94 5567
7 95 6186
7 96 2739
7 97 2152
7 98 7517
7 99 6728
8 9 3939
8 10 7408
8 11 2588
8 12 4128
8 13 3409
8 14 2808
8 15 3106
8 16 3660
8 17 1309
8 18 887
8 19 4848
8 20 5241
8 21 6119
8 22 2461
8 23 1808
8 24 4440
8 25 4193
8 26 5568
8 27 6169
8 28 5438
8 29 4498
8 30 3909
8 31 4623
8 32 1955
8 33 4480
8 34 6104
8 35 5254
8 36 2940
8 37 1609
8 38 5365
8 39 5498
8 40 6798
8 41 2783
8 42 1833
8 43 2578
8 44 5784
8 45 2046
8 46 4135
8 47 2944
8 48 6109
8 49 5064
8 50 1490
8 51 5847
8 52 7925
8 53 3987
8 54 5348
8 55 6781
8 56 5348
8 57 3321
8 58 5153
8 59 1915
8 60 4749
8 61 6430
8 62 2743
8 63 5774
8 64 5594
8 65 4815
8 66 3368
8 67 4675
8 68 7117
8 69 4703
8 70 1215
8 71 5151
8 72 7094
8 73 2331
8 74 2122
8 75 6389
8 76 4566
8 77 4535
8 78 5081
8 79 5430
8 80 5899
8 81 5096
8 82 4254
8 83 3758
8 84 4851
8 85 4662
8 86 6648
8 87 5643
8 88 4255
8 89 6459
8 90 6344
8 91 2261
8 92 3754
8 93 5448
8 94 8304
8 95 2960
8 96 5788
8 97 5994
8 98 4309
8 99 4323
9 10 11117
9 11 6562
9 12 1448
9 13 5228
9 14 6056
9 15 3190
9 16 6455
9 17 4475
9 18 4394
9 19 885
9 20 8628
9 21 9911
9 22 5286
9 23 5481
9 24 6546
9 25 325
9 26 9521
9 27 7939
9 28 7642
9 29 1837
9 30 7440
9 31 7693
9 32 2573
9 33 8118
9 34 8376
9 35 9245
9 36 3609
9 37 4901
9 38 4527
9 39 7303
9 40 8844
9 41 5876
9 42 3131
9 43 2333
9 44 9572
9 45 4073
9 46 5813
9 47 2718
9 48 9213
9 49 8812
9 50 3152
9 51 8206
9 52 9328
9 53 6613
9 54 8579
9 55 9486
9 56 7484
9 57 6208
9 58 5193
9 59 5498
9 60 1351
9 61 9226
9 62 1380
9 63 8480
9 64 8186
9 65 6762
9 66 1376
9 67 6796
9 68 9250
9 69 1440
9 70 3801
9 71 4796
9 72 7859
9 73 4718
9 74 5714
9 75 7618
9 76 1245
9 77 4638
9 78 7958
9 79 1701
9 80 9538
9 81 1483
9 82 1039
9 83 567
9 84 6795
9 85 6044
9 86 10242
9 87 9501
9 88 7382
9 89 10392
9 90 9154
9 91 6367
9 92 1078
9 93 8132
9 94 12182
9 95 1576
9 96 8321
9 97 8865
9 98 644
9 99 7139
10 11 5064
10 12 11287
10 13 6733
10 14 6834
10 15 9993
10 16 8604
10 17 7825
10 18 7887
10 19 11842
10 20 2858
10 21 3648
10 22 8643
10 23 7054
10 24 9534
10 25 10837
10 26 2051
10 27 5356
10 28 4620
10 29 10561
10 30 7900
10 31 8753
10 32 9238
10 33 3714
10 34 10465
10 35 3530
10 36 7681
10 37 6207
10 38 9309
10 39 10029
10 40 5245
10 41 7729
10 42 8724
10 43 9075
10 44 3923
10 45 6885
10 46 6621
10 47 8776
10 48 3208
10 49 6388
10 50 8647
10 51 9776
10 52 7778
10 53 8526
10 54 7825
10 55 2874
10 56 9399
10 57 5446
10 58 8915
10 59 5765
10 60 11633
10 61 2808
10 62 9897
10 63 4702
10 64 9414
10 65 9730
10 66 10353
10 67 9542
10 68 5033
10 69 10953
10 70 8021
10 71 9272
10 72 7209
10 73 8592
10 74 5839
10 75 7410
10 76 11444
10 77 8480
10 78 7847
10 79 12407
10 80 3159
10 81 11747
10 82 11251
10 83 10712
10 84 6422
10 85 7152
10 86 3851
10 87 3264
10 88 7684
10 89 3567
10 90 3410
10 91 6542
10 92 10542
10 93 9098
10 94 1788
10 95 9650
10 96 4678
10 97 3220
10 98 11449
10 99 8556
11 12 6509
11 13 4025
11 14 2080
11 15 5140
11 16 3967
11 17 2827
11 18 2762
11 19 7205
11 20 2882
11 21 3492
11 22 3951
11 23 2127
11 24 5171
11 25 6378
11 26 3268
11 27 5588
11 28 4427
11 29 6440
11 30 3831
11 31 4898
11 32 4208
11 33 1923
11 34 6587
11 35 2838
11 36 4159
11 37 2339
11 38 6391
11 39 6091
11 40 5564
11 41 2855
11 42 4258
11 43 4754
11 44 3484
11 45 3157
11 46 4356
11 47 5033
11 48 4579
11 49 3984
11 50 3940
11 51 5893
11 52 8052
11 53 4130
11 54 4632
11 55 4953
11 56 5117
11 57 2791
11 58 5986
11 59 2130
11 60 7318
11 61 4754
11 62 5393
11 63 5123
11 64 5590
11 65 5708
11 66 5557
11 67 4952
11 68 6136
11 69 7204
11 70 3281
11 71 6317
11 72 6828
11 73 3963
11 74 1446
11 75 6236
11 76 6966
11 77 5494
11 78 4209
11 79 7772
11 80 3309
11 81 7058
11 82 6510
11 83 6178
11 84 5030
11 85 5244
11 86 4390
11 87 3263
11 88 4155
11 89 4037
11 90 4734
11 91 1547
11 92 6181
11 93 5201
11 94 6103
11 95 5358
11 96 4680
11 97 4010
11 98 6826
11 99 4286
12 13 5785
12 14 5590
12 15 1971
12 16 5403
12 17 3761
12 18 3843
12 19 1796
12 20 8639
12 21 9749
12 22 4229
12 23 5030
12 24 5198
12 25 1730
12 26 9639
12 27 8907
12 28 8568
12 29 3507
12 30 6668
12 31 6547
12 32 2293
12 33 7964
12 34 7258
12 35 9230
12 36 4847
12 37 5354
12 38 5786
12 39 6199
12 40 9774
12 41 5287
12 42 2681
12 43 3325
12 44 9309
12 45 4724
12 46 6767
12 47 3565
12 48 9535
12 49 7932
12 50 2672
12 51 7320
12 52 10313
12 53 5802
12 54 7979
12 55 10278
12 56 6244
12 57 6332
12 58 6457
12 59 5777
12 60 3054
12 61 9819
12 62 2197
12 63 9089
12 64 7122
12 65 5660
12 66 1516
12 67 5960
12 68 9793
12 69 3159
12 70 3798
12 71 5926
12 72 9102
12 73 3721
12 74 5879
12 75 8594
12 76 2240
12 77 5673
12 78 7153
12 79 3106
12 80 9389
12 81 2927
12 82 1030
12 83 1221
12 84 7444
12 85 7085
12 86 10107
12 87 9218
12 88 6526
12 89 10354
12 90 9573
12 91 5715
12 92 673
12 93 7009
12 94 12119
12 95 1976
12 96 8796
12 97 9128
12 98 1851
12 99 6202
13 14 5298
13 15 5628
13 16 6751
13 17 4301
13 18 4024
13 19 5527
13 20 5254
13 21 6893
13 22 5919
13 23 4986
13 24 7416
13 25 4969
13 26 5408
13 27 3370
13 28 2876
13 29 3967
13 30 6940
13 31 8006
13 32 4439
13 33 4556
13 34 9318
13 35 6524
13 36 1574
13 37 2011
13 38 2798
13 39 8384
13 40 4147
13 41 6019
13 42 4429
13 43 2667
13 44 7017
13 45 1492
13 46 1113
13 47 2400
13 48 4317
13 49 7805
13 50 4128
13 51 9023
13 52 5142
13 53 6789
13 54 8203
13 55 4787
13 56 8128
13 57 1784
13 58 2711
13 59 2584
13 60 4972
13 61 4957
13 62 3756
13 63 3366
13 64 8875
13 65 8193
13 66 4286
13 67 8015
13 68 4213
13 69 4779
13 70 4219
13 71 2732
13 72 3927
13 73 5449
13 74 2652
13 75 3409
13 76 5047
13 77 1700
13 78 7710
13 79 6066
13 80 6882
13 81 5168
13 82 5262
13 83 4917
13 84 2180
13 85 1725
13 86 7400
13 87 6194
13 88 7188
13 89 7733
13 90 4379
13 91 5083
13 92 5249
13 93 8160
13 94 8487
13 95 4060
13 96 3317
13 97 4101
13 98 4886
13 99 7066
14 15 4128
14 16 1970
14 17 1950
14 18 2326
14 19 7035
14 20 4161
14 21 4289
14 22 2258
14 23 1095
14 24 3268
14 25 6069
14 26 5100
14 27 6973
14 28 6217
14 29 6838
14 30 2167
14 31 2768
14 32 3854
14 33 3294
14 34 4861
14 35 3912
14 36 5350
14 37 3259
14 38 7547
14 39 4117
14 40 7260
14 41 1550
14 42 3677
14 43 5155
14 44 3772
14 45 4103
14 46 5641
14 47 5213
14 48 6315
14 49 2798
14 50 3315
14 51 3963
14 52 9620
14 53 2303
14 54 3381
14 55 6716
14 56 3656
14 57 4418
14 58 7053
14 59 3101
14 60 7197
14 61 6474
14 62 4914
14 63 6814
14 64 4051
14 65 3475
14 66 5142
14 67 3403
14 68 7669
14 69 7266
14 70 2359
14 71 7399
14 72 8657
14 73 2292
14 74 2987
14 75 7942
14 76 6718
14 77 6270
14 78 2863
14 79 7881
14 80 4560
14 81 7265
14 82 6050
14 83 5933
14 84 6321
14 85 6530
14 86 4555
14 87 4050
14 88 2348
14 89 4815
14 90 6797
14 91 522
14 92 5662
14 93 3213
14 94 6866
14 95 4902
14 96 6753
14 97 6226
14 98 6736
14 99 2429
15 16 3337
15 17 2472
15 18 2658
15 19 3666
15 20 7512
15 21 7982
15 22 2369
15 23 3546
15 24 3381
15 25 3619
15 26 8505
15 27 8672
15 28 7749
15 29 4750
15 30 4701
15 31 4832
15 32 1760
15 33 6708
15 34 5401
15 35 7792
15 36 4880
15 37 4513
15 38 6882
15 39 4571
15 40 9560
15 41 3412
15 42 2058
15 43 3812
15 44 7690
15 45 4658
15 46 6844
15 47 4165
15 48 9062
15 49 6468
15 50 1727
15 51 5402
15 52 10426
15 53 3591
15 54 6201
15 55 9245
15 56 4730
15 57 6071
15 58 7011
15 59 4603
15 60 4675
15 61 9106
15 62 2717
15 63 8786
15 64 4885
15 65 3738
15 66 2541
15 67 3850
15 68 9806
15 69 4517
15 70 2266
15 71 6565
15 72 9603
15 73 2067
15 74 4941
15 75 8575
15 76 3996
15 77 5993
15 78 5476
15 79 4524
15 80 8237
15 81 4577
15 82 2785
15 83 2744
15 84 7395
15 85 6913
15 86 8642
15 87 7484
15 88 4786
15 89 8629
15 90 9048
15 91 4078
15 92 2053
15 93 5067
15 94 10606
15 95 2689
15 96 8539
15 97 8487
15 98 3473
15 99 3878
16 17 2568
16 18 3048
16 19 6776
16 20 6133
16 21 5791
16 22 1261
16 23 2077
16 24 1419
16 25 6582
16 26 7166
16 27 8954
16 28 7962
16 29 7128
16 30 1266
16 31 1285
16 32 4056
16 33 5056
16 34 2745
16 35 5592
16 36 6524
16 37 4958
16 38 8644
16 39 2058
16 40 9174
16 41 1145
16 42 3949
16 43 5795
16 44 4964
16 45 5433
16 46 7351
16 47 6178
16 48 8300
16 49 3245
16 50 3420
16 51 2739
16 52 11360
16 53 447
16 54 2560
16 55 8355
16 56 1863
16 57 6250
16 58 8463
16 59 4651
16 60 7340
16 61 8218
16 62 5414
16 63 8528
16 64 2202
16 65 1781
16 66 5449
16 67 1354
16 68 9493
16 69 7412
16 70 3162
16 71 8313
16 72 10361
16 73 1756
16 74 4412
16 75 9392
16 76 6956
16 77 7735
16 78 2289
16 79 7807
16 80 6021
16 81 7630
16 82 5955
16 83 5750
16 84 8140
16 85 7957
16 86 5947
16 87 5378
16 88 1487
16 89 6230
16 90 8392
16 91 2549
16 92 5521
16 93 2098
16 94 8568
16 95 4938
16 96 8630
16 97 7904
16 98 6889
16 99 882
17 18 566
17 19 5000
17 20 5641
17 21 6105
17 22 1517
17 23 1286
17 24 3556
17 25 4644
17 26 6128
17 27 7126
17 28 6003
17 29 5068
17 30 3111
17 31 4043
17 32 1907
17 33 4521
17 34 5324
17 35 5408
17 36 3894
17 37 2495
17 38 5997
17 39 4604
17 40 7703
17 41 2317
17 42 1361
17 43 3318
17 44 5370
17 45 2999
17 46 5180
17 47 3970
17 48 6857
17 49 4838
17 50 1337
17 51 5186
17 52 8893
17 53 3189
17 54 4623
17 55 7258
17 56 4404
17 57 4178
17 58 6244
17 59 2693
17 60 5191
17 61 7171
17 62 3168
17 63 6832
17 64 4711
17 65 3935
17 66 3559
17 67 3716
17 68 7996
17 69 5204
17 70 776
17 71 6172
17 72 8061
17 73 1662
17 74 2992
17 75 7207
17 76 5223
17 77 5450
17 78 4137
17 79 5774
17 80 5968
17 81 5402
17 82 4355
17 83 4068
17 84 5821
17 85 5967
17 86 6391
17 87 5489
17 88 3702
17 89 6387
17 90 7343
17 91 2357
17 92 3727
17 93 4364
17 94 8776
17 95 3207
17 96 6634
17 97 6686
17 98 4965
17 99 3498
18 19 5326
18 20 5123
18 21 5922
18 22 2079
18 23 1397
18 24 3585
18 25 4444
18 26 5832
18 27 6798
18 28 5596
18 29 4507
18 30 3557
18 31 4166
18 32 1755
18 33 4570
18 34 5861
18 35 5327
18 36 3769
18 37 2208
18 38 5841
18 39 4874
18 40 7228
18 41 2264
18 42 1674
18 43 3283
18 44 5450
18 45 2764
18 46 4788
18 47 3360
18 48 6344
18 49 4796
18 50 1594
18 51 5405
18 52 8552
18 53 3299
18 54 5238
18 55 6804
18 56 4526
18 57 3652
18 58 5754
18 59 2626
18 60 4998
18 61 6743
18 62 3356
18 63 6527
18 64 5150
18 65 4074
18 66 3484
18 67 4225
18 68 7654
18 69 4973
18 70 600
18 71 5588
18 72 7430
18 73 1999
18 74 2463
18 75 6819
18 76 4885
18 77 5222
18 78 4440
18 79 5735
18 80 6033
18 81 5371
18 82 4422
18 83 4050
18 84 5419
18 85 5197
18 86 6165
18 87 5350
18 88 3995
18 89 6416
18 90 6798
18 91 2391
18 92 3782
18 93 4921
18 94 8558
18 95 2950
18 96 6275
18 97 6159
18 98 4873
18 99 3810
19 20 9325
19 21 10880
19 22 5923
19 23 6552
19 24 6932
19 25 1221
19 26 10174
19 27 8625
19 28 8556
19 29 2621
19 30 7957
19 31 8297
19 32 3478
19 33 8578
19 34 8937
19 35 9960
19 36 4636
19 37 5999
19 38 5245
19 39 8033
19 40 9264
19 41 6969
19 42 3720
19 43 3418
19 44 10384
19 45 4864
19 46 6398
19 47 3160
19 48 9715
19 49 9627
19 50 4123
19 51 8928
19 52 9551
19 53 7353
19 54 9541
19 55 10327
19 56 8186
19 57 6828
19 58 5556
19 59 5925
19 60 1251
19 61 10132
19 62 2558
19 63 9146
19 64 8892
19 65 7357
19 66 2123
19 67 7261
19 68 10072
19 69 1575
19 70 4624
19 71 5239
19 72 8671
19 73 5591
19 74 6611
19 75 7821
19 76 1220
19 77 5328
19 78 8789
19 79 1004
19 80 10762
19 81 1367
19 82 1178
19 83 1430
19 84 7210
19 85 6813
19 86 11106
19 87 9954
19 88 8065
19 89 11251
19 90 10054
19 91 6868
19 92 1716
19 93 8642
19 94 13119
19 95 2574
19 96 9053
19 97 9840
19 98 1134
19 99 7390
20 21 2291
20 22 6322
20 23 4399
20 24 7383
20 25 8804
20 26 1230
20 27 4881
20 28 3766
20 29 8536
20 30 5598
20 31 6707
20 32 6707
20 33 1088
20 34 8215
20 35 1981
20 36 6004
20 37 4319
20 38 7509
20 39 7595
20 40 4742
20 41 5300
20 42 6446
20 43 7019
20 44 2568
20 45 4784
20 46 5007
20 47 6773
20 48 2643
20 49 4781
20 50 6319
20 51 7485
20 52 7208
20 53 6134
20 54 5937
20 55 3174
20 56 6952
20 57 3458
20 58 7506
20 59 3692
20 60 9079
20 61 2963
20 62 7551
20 63 3888
20 64 7530
20 65 7724
20 66 7994
20 67 7044
20 68 4916
20 69 8879
20 70 5491
20 71 7348
20 72 6852
20 73 6416
20 74 3424
20 75 6288
20 76 9225
20 77 6790
20 78 5459
20 79 10225
20 80 2187
20 81 9239
20 82 8796
20 83 8656
20 84 4920
20 85 5591
20 86 3128
20 87 1866
20 88 5579
20 89 2980
20 90 3301
20 91 3967
20 92 8519
20 93 6945
20 94 3481
20 95 7242
20 96 4352
20 97 2539
20 98 8946
20 99 6253
21 22 6056
21 23 4802
21 24 7003
21 25 9880
21 26 2819
21 27 6886
21 28 5822
21 29 9975
21 30 4787
21 31 5783
21 32 7334
21 33 2533
21 34 7182
21 35 694
21 36 7789
21 37 5326
21 38 9337
21 39 7256
21 40 6806
21 41 5143
21 42 7363
21 43 8008
21 44 671
21 45 6767
21 46 6737
21 47 8071
21 48 4915
21 49 3448
21 50 6822
21 51 6762
21 52 9458
21 53 5859
21 54 4816
21 55 5019
21 56 6676
21 57 5554
21 58 9171
21 59 5292
21 60 10819
21 61 4849
21 62 8676
21 63 6374
21 64 6565
21 65 7292
21 66 8826
21 67 6717
21 68 7347
21 69 10244
21 70 6106
21 71 9214
21 72 8979
21 73 6677
21 74 4755
21 75 8429
21 76 10237
21 77 8687
21 78 4863
21 79 11276
21 80 730
21 81 10549
21 82 9899
21 83 9445
21 84 7180
21 85 7737
21 86 1119
21 87 906
21 88 4983
21 89 641
21 90 5489
21 91 4087
21 92 9468
21 93 5770
21 94 2932
21 95 8671
21 96 6394
21 97 4789
21 98 10382
21 99 5761
22 23 1798
22 24 2244
22 25 5220
22 26 6814
22 27 8570
22 28 7415
22 29 6240
22 30 2651
22 31 2474
22 32 2835
22 33 5216
22 34 4295
22 35 5559
22 36 5324
22 37 3856
22 38 7732
22 39 3406
22 40 8652
22 41 1636
22 42 2662
22 43 4564
22 44 5616
22 45 4664
22 46 6348
22 47 4916
22 48 7736
22 49 4326
22 50 2499
22 51 3528
22 52 10349
22 53 1703
22 54 3758
22 55 8382
22 56 3044
22 57 5224
22 58 7386
22 59 3940
22 60 6102
22 61 7874
22 62 4159
22 63 8076
22 64 3381
22 65 2789
22 66 4014
22 67 2269
22 68 9049
22 69 6073
22 70 2060
22 71 7354
22 72 9222
22 73 421
22 74 3770
22 75 9003
22 76 5956
22 77 6894
22 78 3362
22 79 6784
22 80 6476
22 81 6360
22 82 4906
22 83 4433
22 84 7154
22 85 7295
22 86 6548
22 87 5851
22 88 2490
22 89 6616
22 90 7971
22 91 2332
22 92 3982
22 93 3462
22 94 9157
22 95 4173
22 96 8025
22 97 7613
22 98 5618
22 99 2247
23 24 3574
23 25 5418
23 26 5500
23 27 6747
23 28 5814
23 29 5993
23 30 2383
23 31 3439
23 32 3154
23 33 3421
23 34 5137
23 35 4566
23 36 4738
23 37 2787
23 38 6853
23 39 4369
23 40 7519
23 41 1419
23 42 2637
23 43 4441
23 44 4381
23 45 3537
23 46 5112
23 47 4588
23 48 6298
23 49 3744
23 50 2567
23 51 4562
23 52 9255
23 53 2485
23 54 3928
23 55 6575
23 56 3669
23 57 3911
23 58 6982
23 59 2743
23 60 6372
23 61 6765
23 62 4127
23 63 6565
23 64 4033
23 65 3871
23 66 4520
23 67 3558
23 68 7672
23 69 6416
23 70 1781
23 71 6748
23 72 8308
23 73 1815
23 74 2529
23 75 7681
23 76 6316
23 77 5846
23 78 3065
23 79 7190
23 80 5122
23 81 6668
23 82 5647
23 83 5003
23 84 6006
23 85 6274
23 86 5344
23 87 4557
23 88 2890
23 89 5513
23 90 6572
23 91 895
23 92 5030
23 93 3757
23 94 7474
23 95 4042
23 96 6343
23 97 6087
23 98 5917
23 99 2856
24 25 6691
24 26 8194
24 27 9900
24 28 9039
24 29 7570
24 30 2371
24 31 1915
24 32 4276
24 33 6761
24 34 2316
24 35 6732
24 36 7145
24 37 5640
24 38 9310
24 39 1637
24 40 10355
24 41 2457
24 42 4264
24 43 6429
24 44 6327
24 45 6024
24 46 8052
24 47 6817
24 48 9106
24 49 4181
24 50 4124
24 51 2544
24 52 12017
24 53 1479
24 54 3183
24 55 10039
24 56 1331
24 57 6898
24 58 9234
24 59 5930
24 60 7764
24 61 9777
24 62 5551
24 63 9650
24 64 2040
24 65 894
24 66 5696
24 67 778
24 68 10980
24 69 7356
24 70 3604
24 71 9147
24 72 11164
24 73 2031
24 74 5477
24 75 10339
24 76 7066
24 77 8723
24 78 3164
24 79 8058
24 80 7393
24 81 7639
24 82 6185
24 83 5591
24 84 8963
24 85 9103
24 86 6958
24 87 6895
24 88 2551
24 89 7662
24 90 9561
24 91 3940
24 92 5102
24 93 2102
24 94 10134
24 95 5484
24 96 9599
24 97 9067
24 98 6861
24 99 1819
25 26 9204
25 27 7740
25 28 7467
25 29 1884
25 30 7311
25 31 7442
25 32 3068
25 33 7994
25 34 8864
25 35 9039
25 36 3818
25 37 4864
25 38 4438
25 39 7692
25 40 8534
25 41 6003
25 42 2912
25 43 2527
25 44 9372
25 45 4158
25 46 5430
25 47 2350
25 48 8985
25 49 8679
25 50 3443
25 51 8786
25 52 9054
25 53 6586
25 54 9097
25 55 9352
25 56 7629
25 57 5966
25 58 4722
25 59 5102
25 60 1149
25 61 9283
25 62 1349
25 63 7983
25 64 8467
25 65 7029
25 66 1200
25 67 7120
25 68 9157
25 69 1426
25 70 4093
25 71 4350
25 72 7709
25 73 4702
25 74 5585
25 75 7378
25 76 682
25 77 4478
25 78 8459
25 79 1788
25 80 9613
25 81 1465
25 82 915
25 83 1192
25 84 6270
25 85 5571
25 86 10239
25 87 9257
25 88 7883
25 89 10317
25 90 9136
25 91 6097
25 92 1670
25 93 7922
25 94 12298
25 95 1427
25 96 8002
25 97 8876
25 98 310
25 99 7198
26 27 4627
26 28 3519
26 29 8530
26 30 6588
26 31 7487
26 32 7615
26 33 1714
26 34 8799
26 35 2655
26 36 6264
26 37 4722
26 38 7671
26 39 8635
26 40 4407
26 41 6003
26 42 6916
26 43 7336
26 44 3265
26 45 5320
26 46 5187
26 47 7297
26 48 1990
26 49 5535
26 50 6764
26 51 8201
26 52 6957
26 53 7201
26 54 7098
26 55 2563
26 56 8290
26 57 3474
26 58 7357
26 59 4493
26 60 9581
26 61 2203
26 62 7963
26 63 3558
26 64 8370
26 65 8248
26 66 8292
26 67 8079
26 68 4340
26 69 9332
26 70 6143
26 71 7607
26 72 6358
26 73 6896
26 74 3949
26 75 6383
26 76 9597
26 77 7019
26 78 6322
26 79 10684
26 80 2305
26 81 9894
26 82 9854
26 83 9338
26 84 5172
26 85 5789
26 86 3665
26 87 2572
26 88 6397
26 89 3041
26 90 2899
26 91 4869
26 92 9006
26 93 7824
26 94 3121
26 95 7923
26 96 3694
26 97 2230
26 98 9567
26 99 7170
27 28 1432
27 29 6653
27 30 8763
27 31 10009
27 32 7544
27 33 4731
27 34 11605
27 35 6487
27 36 4500
27 37 4886
27 38 4755
27 39 11090
27 40 1102
27 41 8167
27 42 7015
27 43 5896
27 44 7069
27 45 4518
27 46 2466
27 47 5937
27 48 2558
27 49 9052
27 50 7255
27 51 10875
27 52 2837
27 53 9393
27 54 10120
27 55 2928
27 56 10599
27 57 3249
27 58 4317
27 59 4459
27 60 8104
27 61 2599
27 62 6912
27 63 826
27 64 11085
27 65 10318
27 66 7637
27 67 10373
27 68 1005
27 69 7484
27 70 7155
27 71 4505
27 72 2032
27 73 8383
27 74 4864
27 75 2173
27 76 8425
27 77 4011
27 78 9347
27 79 8877
27 80 6491
27 81 8418
27 82 8936
27 83 8241
27 84 1619
27 85 2732
27 86 7822
27 87 6515
27 88 9215
27 89 7356
27 90 2147
27 91 6889
27 92 8370
27 93 10362
27 94 6931
27 95 7216
27 96 812
27 97 2624
27 98 8330
27 99 9594
28 29 6664
28 30 7799
28 31 8619
28 32 6523
28 33 3956
28 34 10591
28 35 5282
28 36 3962
28 37 3516
28 38 4674
28 39 9703
28 40 1878
28 41 6921
28 42 6658
28 43 5687
28 44 5959
28 45 3894
28 46 1979
28 47 5122
28 48 2112
28 49 7712
28 50 6300
28 51 10135
28 52 4112
28 53 8285
28 54 8832
28 55 2451
28 56 9301
28 57 2323
28 58 4467
28 59 3347
28 60 7598
28 61 2091
28 62 6288
28 63 1054
28 64 9628
28 65 9484
28 66 6940
28 67 8969
28 68 1794
28 69 7210
28 70 6137
28 71 4525
28 72 3108
28 73 7358
28 74 3925
28 75 2997
28 76 7876
28 77 3844
28 78 8246
28 79 8507
28 80 5575
28 81 7793
28 82 8410
28 83 7893
28 84 1878
28 85 2482
28 86 6622
28 87 5491
28 88 8177
28 89 6186
28 90 2031
28 91 5441
28 92 7795
28 93 9287
28 94 6357
28 95 6511
28 96 948
28 97 1799
28 98 7532
28 99 8613
29 30 7900
29 31 8691
29 32 3811
29 33 7644
29 34 9561
29 35 8971
29 36 2818
29 37 4743
29 38 2795
29 39 8695
29 40 7666
29 41 6635
29 42 3891
29 43 1766
29 44 9386
29 45 3325
29 46 4428
29 47 1736
29 48 8070
29 49 9553
29 50 3958
29 51 9671
29 52 7357
29 53 7500
29 54 9287
29 55 8697
29 56 8474
29 57 5496
29 58 3168
29 59 4660
29 60 1447
29 61 8170
29 62 2039
29 63 7049
29 64 9115
29 65 8307
29 66 2429
29 67 7809
29 68 7981
29 69 832
29 70 4446
29 71 2785
29 72 6339
29 73 5642
29 74 5279
29 75 5963
29 76 1786
29 77 2936
29 78 9046
29 79 2366
29 80 9744
29 81 1408
29 82 2857
29 83 2416
29 84 5095
29 85 4583
29 86 10503
29 87 9137
29 88 8170
29 89 10501
29 90 7976
29 91 6699
29 92 2828
29 93 8827
29 94 11808
29 95 2353
29 96 7293
29 97 7846
29 98 2012
29 99 7667
30 31 1345
30 32 4587
30 33 4669
30 34 3185
30 35 4436
30 36 6771
30 37 4768
30 38 9114
30 39 2420
30 40 9356
30 41 1402
30 42 4673
30 43 6602
30 44 4115
30 45 5931
30 46 7717
30 47 6974
30 48 7460
30 49 2109
30 50 4450
30 51 2612
30 52 10993
30 53 1417
30 54 1808
30 55 8128
30 56 2218
30 57 6019
30 58 8955
30 59 4921
30 60 8294
30 61 7946
30 62 6072
30 63 8275
30 64 2076
30 65 2436
30 66 6544
30 67 2082
30 68 9359
30 69 8525
30 70 3891
30 71 8982
30 72 10392
30 73 2700
30 74 4287
30 75 9626
30 76 8065
30 77 7972
30 78 1262
30 79 8773
30 80 5177
30 81 8412
30 82 7410
30 83 6671
30 84 8373
30 85 8472
30 86 4911
30 87 4404
30 88 464
30 89 5400
30 90 8383
30 91 2592
30 92 6486
30 93 1605
30 94 7921
30 95 5965
30 96 8253
30 97 7327
30 98 7797
30 99 1286
31 32 5318
31 33 5807
31 34 2047
31 35 5638
31 36 7493
31 37 6069
31 38 9786
31 39 1373
31 40 10178
31 41 2159
31 42 4841
31 43 7077
31 44 5062
31 45 6648
31 46 8379
31 47 7636
31 48 8975
31 49 3029
31 50 4895
31 51 1431
31 52 12220
31 53 1168
31 54 1857
31 55 9210
31 56 781
31 57 7049
31 58 9886
31 59 5992
31 60 8821
31 61 9188
31 62 6852
31 63 9436
31 64 1168
31 65 1497
31 66 6686
31 67 1163
31 68 10607
31 69 8749
31 70 4061
31 71 9857
31 72 11397
31 73 3077
31 74 5347
31 75 10887
31 76 8385
31 77 8887
31 78 1451
31 79 9269
31 80 6095
31 81 8798
31 82 7502
31 83 6934
31 84 8950
31 85 8944
31 86 5875
31 87 5855
31 88 1117
31 89 6369
31 90 9060
31 91 3333
31 92 6324
31 93 835
31 94 8951
31 95 6345
31 96 9266
31 97 8821
31 98 8008
31 99 955
32 33 5738
32 34 6294
32 35 7052
32 36 3449
32 37 3510
32 38 5733
32 39 5437
32 40 8182
32 41 3618
32 42 733
32 43 2680
32 44 7300
32 45 3286
32 46 5159
32 47 2795
32 48 7647
32 49 6090
32 50 574
32 51 6144
32 52 9073
32 53 4216
32 54 6374
32 55 8406
32 56 5480
32 57 4962
32 58 5671
32 59 3426
32 60 3826
32 61 8212
32 62 1946
32 63 7504
32 64 5656
32 65 4895
32 66 1606
32 67 4605
32 68 8402
32 69 3790
32 70 1326
32 71 5332
32 72 8091
32 73 2232
32 74 3622
32 75 7344
32 76 3633
32 77 5065
32 78 5439
32 79 4252
32 80 7260
32 81 4085
32 82 2707
32 83 2193
32 84 6228
32 85 5630
32 86 8120
32 87 7202
32 88 4800
32 89 8263
32 90 8102
32 91 3805
32 92 2099
32 93 5824
32 94 10249
32 95 1782
32 96 7168
32 97 7658
32 98 3212
32 99 4607
33 34 7516
33 35 2072
33 36 5163
33 37 3142
33 38 7445
33 39 6902
33 40 5047
33 41 4663
33 42 5789
33 43 6089
33 44 2423
33 45 4426
33 46 4468
33 47 5981
33 48 3026
33 49 4000
33 50 5387
33 51 7047
33 52 7618
33 53 5260
33 54 5426
33 55 3809
33 56 6274
33 57 2852
33 58 6846
33 59 2831
33 60 8417
33 61 3645
33 62 6524
33 63 4442
33 64 6500
33 65 6585
33 66 6828
33 67 6452
33 68 5128
33 69 8122
33 70 5017
33 71 7208
33 72 6582
33 73 5173
33 74 2404
33 75 6560
33 76 8345
33 77 6008
33 78 5202
33 79 9426
33 80 2184
33 81 8678
33 82 8029
33 83 7729
33 84 5161
33 85 5588
33 86 3318
33 87 1874
33 88 5149
33 89 3068
33 90 3861
33 91 3255
33 92 7434
33 93 6131
33 94 4590
33 95 6507
33 96 4174
33 97 3144
33 98 8079
33 99 5548
34 35 6812
34 36 8840
34 37 7560
34 38 11213
34 39 1345
34 40 11949
34 41 3744
34 42 6284
34 43 8257
34 44 6349
34 45 8010
34 46 10044
34 47 8828
34 48 10208
34 49 4148
34 50 6035
34 51 731
34 52 14076
34 53 2466
34 54 2479
34 55 10736
34 56 1530
34 57 8637
34 58 11255
34 59 7300
34 60 9767
34 61 10671
34 62 7736
34 63 11145
34 64 951
34 65 1875
34 66 7937
34 67 2201
34 68 12346
34 69 9631
34 70 5420
34 71 10976
34 72 12806
34 73 4279
34 74 7376
34 75 12535
34 76 9575
34 77 10699
34 78 2986
34 79 10073
34 80 7466
34 81 9904
34 82 8137
34 83 8027
34 84 10602
34 85 10864
34 86 7069
34 87 7242
34 88 2690
34 89 7284
34 90 10755
34 91 4986
34 92 7403
34 93 1720
34 94 9973
34 95 7604
34 96 11152
34 97 10095
34 98 8913
34 99 2473
35 36 6685
35 37 4922
35 38 8890
35 39 6788
35 40 6422
35 41 4610
35 42 6636
35 43 7522
35 44 1137
35 45 6148
35 46 6459
35 47 7798
35 48 4640
35 49 3335
35 50 6254
35 51 6619
35 52 9091
35 53 5363
35 54 4958
35 55 4970
35 56 6443
35 57 4787
35 58 8580
35 59 4606
35 60 10173
35 61 4644
35 62 7827
35 63 5814
35 64 6314
35 65 6869
35 66 8080
35 67 6317
35 68 6621
35 69 9968
35 70 5585
35 71 8595
35 72 8159
35 73 5780
35 74 4129
35 75 8139
35 76 9860
35 77 7996
35 78 4263
35 79 10511
35 80 749
35 81 10324
35 82 9283
35 83 9222
35 84 6586
35 85 6999
35 86 1460
35 87 526
35 88 4803
35 89 1398
35 90 4872
35 91 3772
35 92 8885
35 93 5711
35 94 3493
35 95 8069
35 96 5798
35 97 4355
35 98 9355
35 99 5218
36 37 2256
36 38 2619
36 39 8167
36 40 5067
36 41 5746
36 42 3440
36 43 1781
36 44 7541
36 45 1084
36 46 2071
36 47 1270
36 48 5554
36 49 7901
36 50 3208
36 51 8834
36 52 5777
36 53 6610
36 54 8411
36 55 5948
36 56 7991
36 57 2879
36 58 2692
36 59 2552
36 60 3806
36 61 6101
36 62 2876
36 63 4860
36 64 8486
36 65 7312
36 66 3372
36 67 7118
36 68 5604
36 69 3472
36 70 3703
36 71 2239
36 72 4675
36 73 5090
36 74 3054
36 75 4124
36 76 3999
36 77 1720
36 78 7677
36 79 4661
36 80 7457
36 81 4123
36 82 4347
36 83 3800
36 84 3197
36 85 2603
36 86 8033
36 87 6901
36 88 7177
36 89 8002
36 90 5737
36 91 4676
36 92 3854
36 93 7820
36 94 9195
36 95 2959
36 96 4963
36 97 5417
36 98 3766
36 99 6837
37 38 4709
37 39 6633
37 40 4965
37 41 4082
37 42 3231
37 43 2981
37 44 5416
37 45 1169
37 46 2630
37 47 2777
37 48 4529
37 49 5532
37 50 2690
37 51 6769
37 52 6798
37 53 5087
37 54 6408
37 55 5213
37 56 6281
37 57 1769
37 58 4335
37 59 429
37 60 5397
37 61 5128
37 62 3607
37 63 4458
37 64 6609
37 65 6229
37 66 4112
37 67 6039
37 68 5659
37 69 5222
37 70 2493
37 71 4360
37 72 5517
37 73 3916
37 74 1044
37 75 5297
37 76 5146
37 77 3453
37 78 5761
37 79 5999
37 80 5569
37 81 5764
37 82 5051
37 83 4993
37 84 3860
37 85 3589
37 86 5994
37 87 4762
37 88 5468
37 89 6256
37 90 4693
37 91 3018
37 92 4663
37 93 6214
37 94 7313
37 95 3923
37 96 4651
37 97 4251
37 98 4999
37 99 5533
38 39 10409
38 40 5449
38 41 8105
38 42 5562
38 43 3283
38 44 9560
38 45 3570
38 46 3263
38 47 3120
38 48 6945
38 49 9929
38 50 5741
38 51 11181
38 52 4720
38 53 8780
38 54 10677
38 55 7032
38 56 10001
38 57 4532
38 58 615
38 59 4980
38 60 4012
38 61 7061
38 62 4160
38 63 5172
38 64 10702
38 65 9835
38 66 4675
38 67 9416
38 68 5520
38 69 3827
38 70 5802
38 71 259
38 72 4074
38 73 7100
38 74 5190
38 75 3537
38 76 4138
38 77 1404
38 78 9771
38 79 4944
38 80 9418
38 81 4252
38 82 5165
38 83 4896
38 84 3609
38 85 2392
38 86 9976
38 87 8856
38 88 9272
38 89 10257
38 90 6671
38 91 7374
38 92 5534
38 93 10444
38 94 10777
38 95 4795
38 96 5199
38 97 6439
38 98 4486
38 99 9110
39 40 11118
39 41 3293
39 42 5494
39 43 7589
39 44 6287
39 45 7327
39 46 9285
39 47 7936
39 48 10023
39 49 4187
39 50 5179
39 51 1347
39 52 13002
39 53 1862
39 54 2755
39 55 10491
39 56 796
39 57 7818
39 58 10428
39 59 6999
39 60 8699
39 61 10196
39 62 6717
39 63 10676
39 64 991
39 65 990
39 66 6955
39 67 1311
39 68 11460
39 69 8849
39 70 4664
39 71 10320
39 72 11926
39 73 3098
39 74 6687
39 75 11701
39 76 8397
39 77 9621
39 78 2626
39 79 9057
39 80 7363
39 81 8821
39 82 7490
39 83 7121
39 84 10223
39 85 9972
39 86 7126
39 87 7055
39 88 2206
39 89 7563
39 90 10499
39 91 4518
39 92 6627
39 93 1588
39 94 9947
39 95 6441
39 96 10718
39 97 9909
39 98 7949
39 99 1638
40 41 8647
40 42 7586
40 43 6642
40 44 7280
40 45 5110
40 46 3327
40 47 6551
40 48 2520
40 49 9067
40 50 7938
40 51 11214
40 52 2669
40 53 9516
40 54 10275
40 55 2761
40 56 10831
40 57 3865
40 58 5057
40 59 4732
40 60 8522
40 61 2385
40 62 7401
40 63 1047
40 64 11080
40 65 10855
40 66 8156
40 67 10517
40 68 593
40 69 8109
40 70 7527
40 71 5309
40 72 2492
40 73 8669
40 74 5303
40 75 2499
40 76 8910
40 77 4838
40 78 9829
40 79 9367
40 80 6721
40 81 8560
40 82 9048
40 83 8930
40 84 2490
40 85 3419
40 86 7476
40 87 6549
40 88 9414
40 89 7285
40 90 2048
40 91 7043
40 92 8696
40 93 10756
40 94 6812
40 95 7690
40 96 824
40 97 2419
40 98 8766
40 99 9634
41 42 3536
41 43 5623
41 44 4382
41 45 4590
41 46 6751
41 47 5527
41 48 7018
41 49 3040
41 50 2893
41 51 3379
41 52 10204
41 53 1143
41 54 3018
41 55 7941
41 56 2669
41 57 5319
41 58 7706
41 59 4059
41 60 7170
41 61 7750
41 62 5266
41 63 7608
41 64 2974
41 65 2816
41 66 4964
41 67 2382
41 68 8737
41 69 7084
41 70 2472
41 71 7806
41 72 9468
41 73 1975
41 74 3723
41 75 9048
41 76 6823
41 77 6899
41 78 2121
41 79 7583
41 80 5249
41 81 7292
41 82 5884
41 83 5429
41 84 7115
41 85 7111
41 86 5418
41 87 4590
41 88 1880
41 89 5831
41 90 7534
41 91 1521
41 92 5249
41 93 2856
41 94 7941
41 95 5067
41 96 7476
41 97 7143
41 98 6583
41 99 1828
42 43 2696
42 44 6727
42 45 2714
42 46 4878
42 47 2997
42 48 7467
42 49 6112
42 50 743
42 51 5839
42 52 8986
42 53 4355
42 54 6131
42 55 7764
42 56 5229
42 57 4455
42 58 5626
42 59 3524
42 60 4258
42 61 7614
42 62 1925
42 63 7099
42 64 5583
42 65 4492
42 66 1989
42 67 4411
42 68 7967
42 69 4165
42 70 1257
42 71 5312
42 72 7796
42 73 2087
42 74 3646
42 75 7274
42 76 3675
42 77 4537
42 78 5550
42 79 4437
42 80 7458
42 81 3996
42 82 3057
42 83 2657
42 84 5889
42 85 5614
42 86 7477
42 87 6728
42 88 4802
42 89 7952
42 90 7550
42 91 3581
42 92 2388
42 93 5736
42 94 9844
42 95 1952
42 96 6903
42 97 7164
42 98 3308
42 99 4535
43 44 8057
43 45 2342
43 46 3782
43 47 706
43 48 7156
43 49 7870
43 50 2927
43 51 8082
43 52 7385
43 53 6054
43 54 7822
43 55 7460
43 56 7522
43 57 3774
43 58 3097
43 59 3278
43 60 2466
43 61 7281
43 62 1530
43 63 6133
43 64 7788
43 65 6702
43 66 2046
43 67 7010
43 68 6836
43 69 2405
43 70 2966
43 71 3115
43 72 5893
43 73 4286
43 74 3939
43 75 5553
43 76 2786
43 77 2513
43 78 7541
43 79 3471
43 80 8206
43 81 2619
43 82 2762
43 83 2477
43 84 4287
43 85 3776
43 86 8497
43 87 7720
43 88 6782
43 89 8704
43 90 7275
43 91 5168
43 92 2712
43 93 7845
43 94 10282
43 95 1934
43 96 6050
43 97 6864
43 98 2785
43 99 6597
44 45 6262
44 46 6837
44 47 8017
44 48 5287
44 49 2967
44 50 6409
44 51 5992
44 52 9820
44 53 4892
44 54 3954
44 55 5529
44 56 5922
44 57 5421
44 58 9195
44 59 5026
44 60 10238
44 61 5105
44 62 8157
44 63 6550
44 64 5844
44 65 6330
44 66 8634
44 67 6061
44 68 7731
44 69 10229
44 70 6091
44 71 9352
44 72 9213
44 73 5712
44 74 4410
44 75 8792
44 76 10084
44 77 8501
44 78 3909
44 79 11141
44 80 1078
44 81 10206
44 82 9477
44 83 9035
44 84 7072
44 85 7692
44 86 1289
44 87 1230
44 88 4186
44 89 1453
44 90 5634
44 91 3711
44 92 8969
44 93 5405
44 94 4031
44 95 8403
44 96 6275
44 97 5246
44 98 10067
44 99 5269
45 46 2603
45 47 1943
45 48 4933
45 49 6678
45 50 2754
45 51 7695
45 52 6167
45 53 5682
45 54 7000
45 55 5747
45 56 6784
45 57 2052
45 58 3620
45 59 1509
45 60 4530
45 61 5204
45 62 2910
45 63 4341
45 64 7254
45 65 6903
45 66 3301
45 67 6571
45 68 5614
45 69 4030
45 70 2880
45 71 3256
45 72 5085
45 73 4480
45 74 2123
45 75 4786
45 76 4766
45 77 2563
45 78 6737
45 79 5300
45 80 6105
45 81 4893
45 82 4432
45 83 4168
45 84 3067
45 85 2822
45 86 7229
45 87 6139
45 88 6282
45 89 7329
45 90 5515
45 91 3936
45 92 4400
45 93 7271
45 94 8576
45 95 3055
45 96 4318
45 97 5016
45 98 4364
45 99 6005
46 47 3502
46 48 3696
46 49 7896
46 50 5083
46 51 9523
46 52 4135
46 53 7711
46 54 8899
46 55 4243
46 56 9014
46 57 1920
46 58 2846
46 59 2737
46 60 5923
46 61 4349
46 62 4681
46 63 2696
46 64 9184
46 65 8628
46 66 5535
46 67 8505
46 68 3344
46 69 5250
46 70 5088
46 71 3055
46 72 3115
46 73 6494
46 74 3477
46 75 2306
46 76 5824
46 77 2165
46 78 8329
46 79 6474
46 80 6751
46 81 5922
46 82 6324
46 83 6222
46 84 1218
46 85 1080
46 86 7819
46 87 6223
46 88 7747
46 89 7274
46 90 3966
46 91 5175
46 92 5974
46 93 9015
46 94 8165
46 95 5228
46 96 2936
46 97 3479
46 98 6091
46 99 8087
47 48 6841
47 49 7926
47 50 3051
47 51 8607
47 52 6905
47 53 6620
47 54 8494
47 55 7477
47 56 7858
47 57 3814
47 58 2967
47 59 3218
47 60 2560
47 61 7134
47 62 1523
47 63 5944
47 64 8210
47 65 7464
47 66 2475
47 67 7092
47 68 6502
47 69 2650
47 70 3407
47 71 2910
47 72 5777
47 73 5017
47 74 3809
47 75 5067
47 76 2685
47 77 2311
47 78 7401
47 79 3654
47 80 8031
47 81 2903
47 82 3181
47 83 2733
47 84 4256
47 85 3731
47 86 8849
47 87 7874
47 88 7135
47 89 9047
47 90 6942
47 91 5126
47 92 3179
47 93 7701
47 94 9929
47 95 2269
47 96 5919
47 97 6458
47 98 2559
47 99 6838
48 49 7337
48 50 7170
48 51 9984
48 52 5039
48 53 8292
48 54 8357
48 55 968
48 56 9538
48 57 3167
48 58 5949
48 59 4190
48 60 9133
48 61 596
48 62 7549
48 63 1653
48 64 9484
48 65 9847
48 66 8540
48 67 9432
48 68 2461
48 69 9093
48 70 6827
48 71 6343
48 72 4809
48 73 7837
48 74 4126
48 75 4791
48 76 9319
48 77 5681
48 78 8205
48 79 10197
48 80 4658
48 81 9494
48 82 9749
48 83 8846
48 84 3786
48 85 4358
48 86 5516
48 87 4225
48 88 7744
48 89 4887
48 90 741
48 91 5690
48 92 9222
48 93 9189
48 94 4419
48 95 7938
48 96 1968
48 97 275
48 98 9103
48 99 8671
49 50 5938
49 51 3565
49 52 11116
49 53 2832
49 54 1444
49 55 7385
49 56 3210
49 57 6375
49 58 9824
49 59 5441
49 60 9748
49 61 7267
49 62 7597
49 63 8280
49 64 3648
49 65 4241
49 66 7814
49 67 3603
49 68 9412
49 69 9839
49 70 5096
49 71 9853
49 72 10232
49 73 4746
49 74 5135
49 75 10069
49 76 9497
49 77 8893
49 78 1445
49 79 10406
49 80 3506
49 81 10101
49 82 8768
49 83 8507
49 84 8654
49 85 8735
49 86 3515
49 87 3261
49 88 2000
49 89 3495
49 90 7821
49 91 2963
49 92 7821
49 93 2719
49 94 6353
49 95 7622
49 96 8458
49 97 7069
49 98 9149
49 99 2730
50 51 5888
50 52 9204
50 53 3630
50 54 5992
50 55 7820
50 56 4898
50 57 4401
50 58 5758
50 59 3398
50 60 4517
50 61 7346
50 62 2123
50 63 7056
50 64 5657
50 65 4500
50 66 2162
50 67 4292
50 68 8309
50 69 4087
50 70 817
50 71 5443
50 72 7637
50 73 1871
50 74 3129
50 75 7350
50 76 4049
50 77 4685
50 78 5066
50 79 4812
50 80 7173
50 81 4194
50 82 3212
50 83 3068
50 84 5961
50 85 5853
50 86 7315
50 87 6469
50 88 4463
50 89 7559
50 90 7621
50 91 3155
50 92 2741
50 93 5311
50 94 9661
50 95 1970
50 96 6854
50 97 6963
50 98 3900
50 99 4258
51 52 13508
51 53 2095
51 54 1903
51 55 10313
51 56 1127
51 57 8311
51 58 11081
51 59 7211
51 60 9440
51 61 10036
51 62 7668
51 63 10526
51 64 453
51 65 1608
51 66 7569
51 67 1759
51 68 11539
51 69 9748
51 70 5370
51 71 11014
51 72 12450
51 73 4183
51 74 6637
51 75 11835
51 76 9024
51 77 10252
51 78 2134
51 79 10131
51 80 6866
51 81 9353
51 82 8375
51 83 7978
51 84 10109
51 85 10099
51 86 6590
51 87 6323
51 88 2050
51 89 6907
51 90 10231
51 91 4336
51 92 7159
51 93 1202
51 94 9350
51 95 7298
51 96 10440
51 97 9866
51 98 8585
51 99 2036
52 53 11702
52 54 12245
52 55 5313
52 56 12839
52 57 5595
52 58 4485
52 59 6456
52 60 8431
52 61 5165
52 62 8437
52 63 3627
52 64 12959
52 65 12520
52 66 8853
52 67 12341
52 68 2584
52 69 8285
52 70 8929
52 71 4584
52 72 1250
52 73 10423
52 74 6764
52 75 1870
52 76 9020
52 77 4899
52 78 11860
52 79 9664
52 80 9333
52 81 8570
52 82 9922
52 83 9497
52 84 3345
52 85 3840
52 86 10411
52 87 9166
52 88 11689
52 89 9737
52 90 4657
52 91 8886
52 92 9551
52 93 12730
52 94 9601
52 95 8839
52 96 3482
52 97 5265
52 98 9056
52 99 11665
53 54 2596
53 55 8535
53 56 1257
53 57 6081
53 58 8957
53 59 4934
53 60 8009
53 61 8780
53 62 5743
53 63 8785
53 64 1727
53 65 1707
53 66 5642
53 67 1347
53 68 10172
53 69 7816
53 70 3198
53 71 8885
53 72 10405
53 73 2014
53 74 4889
53 75 9820
53 76 7593
53 77 8273
53 78 2002
53 79 8033
53 80 5792
53 81 7769
53 82 6513
53 83 6201
53 84 8573
53 85 8194
53 86 5863
53 87 5288
53 88 1165
53 89 6400
53 90 8776
53 91 3026
53 92 5569
53 93 1771
53 94 8555
53 95 5620
53 96 8636
53 97 8062
53 98 6991
53 99 537
54 55 8830
54 56 2385
54 57 7042
54 58 10581
54 59 6118
54 60 9682
54 61 8529
54 62 7997
54 63 9180
54 64 2224
54 65 3171
54 66 7822
54 67 2620
54 68 10710
54 69 9543
54 70 5364
54 71 10577
54 72 11253
54 73 3986
54 74 5833
54 75 10963
54 76 9688
54 77 9611
54 78 884
54 79 10160
54 80 4927
54 81 10046
54 82 8738
54 83 8373
54 84 9498
54 85 9787
54 86 4438
54 87 4586
54 88 1673
54 89 5215
54 90 8978
54 91 3824
54 92 7627
54 93 1354
54 94 7821
54 95 7491
54 96 9358
54 97 8302
54 98 9165
54 99 2385
55 56 9764
55 57 3784
55 58 6539
55 59 4959
55 60 9689
55 61 480
55 62 8255
55 63 2033
55 64 10327
55 65 10174
55 66 8841
55 67 9570
55 68 2496
55 69 9124
55 70 7504
55 71 6794
55 72 4569
55 73 8227
55 74 4834
55 75 4554
55 76 9772
55 77 6069
55 78 8147
55 79 10822
55 80 4534
55 81 9976
55 82 9913
55 83 9739
55 84 3725
55 85 4956
55 86 5464
55 87 4861
55 88 8160
55 89 5257
55 90 702
55 91 6469
55 92 9688
55 93 9558
55 94 4791
55 95 8399
55 96 2121
55 97 779
55 98 9816
55 99 9136
56 57 7620
56 58 10057
56 59 6075
56 60 8914
56 61 9649
56 62 6970
56 63 10143
56 64 718
56 65 1147
56 66 6603
56 67 843
56 68 11043
56 69 8895
56 70 4525
56 71 9905
56 72 11679
56 73 3312
56 74 5768
56 75 11103
56 76 8548
56 77 9217
56 78 2311
56 79 9247
56 80 6670
56 81 8972
56 82 7503
56 83 7056
56 84 9510
56 85 9454
56 86 6444
56 87 6510
56 88 1931
56 89 6718
56 90 10105
56 91 4089
56 92 6506
56 93 866
56 94 9298
56 95 6616
56 96 10000
56 97 9223
56 98 8163
56 99 1422
57 58 3990
57 59 1437
57 60 6421
57 61 3449
57 62 4590
57 63 3028
57 64 7838
57 65 7578
57 66 5278
57 67 7026
57 68 4123
57 69 6164
57 70 4000
57 71 4452
57 72 4527
57 73 5239
57 74 1591
57 75 3943
57 76 6568
57 77 3411
57 78 6777
57 79 7314
57 80 4949
57 81 6279
57 82 6361
57 83 5961
57 84 2475
57 85 2736
57 86 6168
57 87 4714
57 88 6487
57 89 5907
57 90 3695
57 91 3737
57 92 6053
57 93 7222
57 94 6948
57 95 4797
57 96 2834
57 97 2887
57 98 5989
57 99 6617
58 59 4777
58 60 4198
58 61 6605
58 62 4407
58 63 5022
58 64 10813
58 65 9814
58 66 4801
58 67 9744
58 68 5388
58 69 4185
58 70 5907
58 71 490
58 72 3506
58 73 7251
58 74 4987
58 75 2987
58 76 4857
58 77 823
58 78 9480
58 79 5202
58 80 8911
58 81 4713
58 82 5436
58 83 5132
58 84 2653
58 85 1936
58 86 9805
58 87 8532
58 88 9067
58 89 9845
58 90 5973
58 91 6865
58 92 5395
58 93 10348
58 94 10280
58 95 4751
58 96 4584
58 97 6024
58 98 4681
58 99 9331
59 60 5542
59 61 4546
59 62 3860
59 63 4292
59 64 6838
59 65 6280
59 66 4611
59 67 6113
59 68 5421
59 69 5596
59 70 2721
59 71 4483
59 72 5730
59 73 3879
59 74 652
59 75 5210
59 76 5711
59 77 3669
59 78 5316
59 79 6596
59 80 4797
59 81 5745
59 82 5362
59 83 5234
59 84 3528
59 85 3458
59 86 5611
59 87 4392
59 88 5482
59 89 5648
59 90 4705
59 91 2713
59 92 4951
59 93 6474
59 94 7188
59 95 3944
59 96 4003
59 97 4277
59 98 5331
59 99 5242
60 61 9480
60 62 2331
60 63 8246
60 64 9130
60 65 8204
60 66 2082
60 67 8297
60 68 8821
60 69 638
60 70 4958
60 71 3892
60 72 7658
60 73 5789
60 74 6260
60 75 6766
60 76 615
60 77 4186
60 78 9273
60 79 1152
60 80 10416
60 81 625
60 82 2031
60 83 2147
60 84 6521
60 85 5649
60 86 11196
60 87 9925
60 88 8449
60 89 11148
60 90 9322
60 91 6921
60 92 2701
60 93 9231
60 94 12505
60 95 2567
60 96 8077
60 97 8765
60 98 1068
60 99 8335
61 62 7987
61 63 1946
61 64 10013
61 65 9928
61 66 8450
61 67 9604
61 68 2577
61 69 9311
61 70 7180
61 71 6685
61 72 4694
61 73 8415
61 74 4443
61 75 4924
61 76 9858
61 77 5979
61 78 8091
61 79 10642
61 80 4427
61 81 9482
61 82 9838
61 83 9505
61 84 3860
61 85 4768
61 86 5312
61 87 4697
61 88 8373
61 89 5310
61 90 704
61 91 5882
61 92 9176
61 93 9592
61 94 4562
61 95 8436
61 96 2078
61 97 847
61 98 9256
61 99 8785
62 63 7026
62 64 7131
62 65 6253
62 66 827
62 67 6355
62 68 7880
62 69 2454
62 70 2828
62 71 3967
62 72 6946
62 73 3796
62 74 4447
62 75 6565
62 76 2069
62 77 3836
62 78 7342
62 79 3241
62 80 8337
62 81 2496
62 82 1980
62 83 1563
62 84 5654
62 85 4889
62 86 9243
62 87 8228
62 88 6638
62 89 9227
62 90 7840
62 91 5007
62 92 1630
62 93 6971
62 94 10772
62 95 669
62 96 6977
62 97 7534
62 98 1972
62 99 5958
63 64 10429
63 65 10097
63 66 7616
63 67 9690
63 68 1485
63 69 7894
63 70 6650
63 71 5271
63 72 2803
63 73 7787
63 74 4259
63 75 3234
63 76 8415
63 77 4762
63 78 8769
63 79 9392
63 80 5901
63 81 8694
63 82 8952
63 83 8552
63 84 2285
63 85 3086
63 86 6698
63 87 5937
63 88 8692
63 89 6579
63 90 1384
63 91 6227
63 92 8559
63 93 10046
63 94 6113
63 95 7477
63 96 211
63 97 1878
63 98 8351
63 99 8915
64 65 1446
64 66 7418
64 67 1340
64 68 11764
64 69 9091
64 70 5044
64 71 10781
64 72 12030
64 73 3714
64 74 6218
64 75 11449
64 76 9026
64 77 9760
64 78 2081
64 79 9559
64 80 6639
64 81 9284
64 82 7839
64 83 7650
64 84 9885
64 85 10083
64 86 6375
64 87 6207
64 88 2032
64 89 6935
64 90 10123
64 91 4307
64 92 7336
64 93 982
64 94 9390
64 95 7239
64 96 10264
64 97 9514
64 98 8549
64 99 1514
65 66 6013
65 67 602
65 68 11138
65 69 8157
65 70 4071
65 71 9469
65 72 11780
65 73 2604
65 74 5986
65 75 11250
65 76 7820
65 77 9055
65 78 2899
65 79 8228
65 80 7123
65 81 8011
65 82 6856
65 83 6343
65 84 9626
65 85 9559
65 86 6834
65 87 6586
65 88 2592
65 89 7656
65 90 10195
65 91 4042
65 92 6112
65 93 1618
65 94 9972
65 95 5748
65 96 10037
65 97 9398
65 98 7117
65 99 1560
66 67 6265
66 68 8612
66 69 2396
66 70 2867
66 71 4418
66 72 7540
66 73 4084
66 74 4799
66 75 7008
66 76 2046
66 77 4104
66 78 7286
66 79 2620
66 80 8564
66 81 2473
66 82 1684
66 83 1232
66 84 6265
66 85 5458
66 86 9514
66 87 8473
66 88 6778
66 89 9610
66 90 8489
66 91 5342
66 92 1109
66 93 7351
66 94 11001
66 95 834
66 96 7506
66 97 7903
66 98 1710
66 99 6317
67 68 11101
67 69 8105
67 70 4010
67 71 9661
67 72 11453
67 73 2490
67 74 5753
67 75 10736
67 76 7778
67 77 8697
67 78 2294
67 79 8175
67 80 6696
67 81 8241
67 82 6654
67 83 6170
67 84 9337
67 85 9025
67 86 6587
67 87 6214
67 88 2203
67 89 7155
67 90 9627
67 91 3649
67 92 6032
67 93 1321
67 94 9656
67 95 5833
67 96 9540
67 97 8967
67 98 7397
67 99 1283
68 69 8516
68 70 7646
68 71 5464
68 72 2785
68 73 9322
68 74 5352
68 75 2939
68 76 9208
68 77 4900
68 78 9837
68 79 10011
68 80 6651
68 81 9212
68 82 9878
68 83 9209
68 84 2664
68 85 3465
68 86 7957
68 87 6493
68 88 9794
68 89 7667
68 90 2318
68 91 7345
68 92 9505
68 93 11048
68 94 6876
68 95 8114
68 96 1486
68 97 2700
68 98 9210
68 99 10273
69 70 4928
69 71 3577
69 72 7257
69 73 5987
69 74 6143
69 75 6812
69 76 1104
69 77 3700
69 78 9139
69 79 1306
69 80 10166
69 81 837
69 82 2376
69 83 1936
69 84 6250
69 85 5422
69 86 11062
69 87 9655
69 88 8483
69 89 10942
69 90 8880
69 91 7128
69 92 2788
69 93 9220
69 94 12522
69 95 2358
69 96 7751
69 97 8833
69 98 1127
69 99 8086
70 71 5676
70 72 7847
70 73 1912
70 74 3006
70 75 7003
70 76 4669
70 77 5271
70 78 4533
70 79 5480
70 80 6044
70 81 5261
70 82 3849
70 83 3713
70 84 5662
70 85 5572
70 86 6580
70 87 5905
70 88 4124
70 89 6756
70 90 7242
70 91 2519
70 92 3261
70 93 4503
70 94 9031
70 95 2563
70 96 7014
70 97 6614
70 98 4160
70 99 3430
71 72 3768
71 73 7323
71 74 5280
71 75 3464
71 76 4364
71 77 1251
71 78 9845
71 79 5015
71 80 9297
71 81 4367
71 82 5439
71 83 5198
71 84 2960
71 85 2150
71 86 10035
71 87 8785
71 88 9245
71 89 9990
71 90 6348
71 91 7260
71 92 5270
71 93 10308
71 94 10415
71 95 4310
71 96 5013
71 97 6106
71 98 4268
71 99 9358
72 73 9369
72 74 5962
72 75 874
72 76 7798
72 77 3842
72 78 10605
72 79 8358
72 80 8760
72 81 7679
72 82 8827
72 83 8264
72 84 2158
72 85 2367
72 86 9458
72 87 8521
72 88 10543
72 89 9125
72 90 4222
72 91 8173
72 92 8541
72 93 11531
72 94 9210
72 95 7562
72 96 3058
72 97 4547
72 98 8109
72 99 10770
73 74 4082
73 75 8800
73 76 5408
73 77 6431
73 78 3467
73 79 6292
73 80 6578
73 81 6096
73 82 4542
73 83 4549
73 84 7228
73 85 7317
73 86 6828
73 87 6227
73 88 2975
73 89 6799
73 90 8206
73 91 2541
73 92 4093
73 93 3430
73 94 9266
73 95 3822
73 96 7867
73 97 7607
73 98 5062
73 99 2313
74 75 5589
74 76 6167
74 77 4202
74 78 5230
74 79 7040
74 80 4740
74 81 6056
74 82 6028
74 83 5678
74 84 3834
74 85 4050
74 86 5148
74 87 4261
74 88 4944
74 89 5127
74 90 4778
74 91 2443
74 92 5076
74 93 5814
74 94 6649
74 95 4155
74 96 4541
74 97 4240
74 98 5655
74 99 5191
75 76 7177
75 77 3046
75 78 10507
75 79 7591
75 80 8266
75 81 7314
75 82 7874
75 83 7621
75 84 1817
75 85 1910
75 86 9333
75 87 8025
75 88 10196
75 89 9268
75 90 4042
75 91 7390
75 92 7971
75 93 11261
75 94 9108
75 95 7012
75 96 3089
75 97 4644
75 98 7189
75 99 10054
76 77 4238
76 78 8959
76 79 1126
76 80 10331
76 81 668
76 82 1640
76 83 1686
76 84 6850
76 85 5741
76 86 10945
76 87 9598
76 88 8170
76 89 11011
76 90 9672
76 91 6768
76 92 1788
76 93 8584
76 94 12362
76 95 2152
76 96 8667
76 97 8933
76 98 653
76 99 7847
77 78 8764
77 79 5242
77 80 8134
77 81 4427
77 82 5012
77 83 5072
77 84 2775
77 85 1997
77 86 9424
77 87 7681
77 88 8294
77 89 9114
77 90 5845
77 91 6114
77 92 5164
77 93 9596
77 94 10053
77 95 4042
77 96 4721
77 97 5411
77 98 4552
77 99 8374
78 79 9931
78 80 4778
78 81 9405
78 82 7976
78 83 7670
78 84 8837
78 85 8993
78 86 4642
78 87 4615
78 88 756
78 89 4886
78 90 8390
78 91 3087
78 92 7092
78 93 1358
78 94 7392
78 95 6916
78 96 8728
78 97 7621
78 98 8696
78 99 1476
79 80 10959
79 81 1138
79 82 2170
79 83 2500
79 84 7395
79 85 6500
79 86 12074
79 87 10511
79 88 9118
79 89 11784
79 90 10015
79 91 7973
79 92 2937
79 93 9397
79 94 13518
79 95 3374
79 96 9146
79 97 9924
79 98 1270
79 99 8662
80 81 10469
80 82 9788
80 83 9374
80 84 7003
80 85 7303
80 86 1376
80 87 750
80 88 5037
80 89 918
80 90 4866
80 91 4175
80 92 9342
80 93 6212
80 94 3269
80 95 8573
80 96 6009
80 97 4175
80 98 10069
80 99 5711
81 82 1643
81 83 1810
81 84 6550
81 85 5654
81 86 11309
81 87 10294
81 88 8646
81 89 11456
81 90 9432
81 91 7235
81 92 2598
81 93 9109
81 94 12908
81 95 2530
81 96 8460
81 97 9001
81 98 1210
81 99 7955
82 83 866
82 84 6972
82 85 6690
82 86 10348
82 87 9697
82 88 7334
82 89 10799
82 90 9739
82 91 6508
82 92 996
82 93 7787
82 94 12621
82 95 1968
82 96 8783
82 97 9427
82 98 925
82 99 6609
83 84 6645
83 85 6253
83 86 9956
83 87 8869
83 88 7089
83 89 10354
83 90 9047
83 91 6046
83 92 878
83 93 7690
83 94 11785
83 95 1390
83 96 8297
83 97 9058
83 98 1009
83 99 6371
84 85 1339
84 86 7650
84 87 6738
84 88 8336
84 89 7471
84 90 3542
84 91 5840
84 92 6859
84 93 9606
84 94 7903
84 95 5672
84 96 2057
84 97 3522
84 98 6755
84 99 8454
85 86 8234
85 87 7144
85 88 8703
85 89 8185
85 90 4292
85 91 5974
85 92 6333
85 93 9420
85 94 8483
85 95 5486
85 96 3009
85 97 4139
85 98 5758
85 99 8723
86 87 1577
86 88 5123
86 89 861
86 90 6177
86 91 4692
86 92 9536
86 93 6085
86 94 3552
86 95 8817
86 96 6951
86 97 5504
86 98 10825
86 99 5671
87 88 4606
87 89 1318
87 90 5111
87 91 3511
87 92 8734
87 93 5808
87 94 3418
87 95 7879
87 96 5572
87 97 4274
87 98 9814
87 99 5519
88 89 5273
88 90 8589
88 91 2759
88 92 6647
88 93 1585
88 94 8018
88 95 6358
88 96 8802
88 97 7657
88 98 8076
88 99 1071
89 90 5827
89 91 4558
89 92 9834
89 93 6050
89 94 2793
89 95 8942
89 96 6480
89 97 5000
89 98 10893
89 99 6060
90 91 6400
90 92 9126
90 93 9441
90 94 5272
90 95 8115
90 96 1617
90 97 1069
90 98 9212
90 99 9016
91 92 5470
91 93 3915
91 94 6829
91 95 4835
91 96 6042
91 97 5818
91 98 6404
91 99 2814
92 93 6903
92 94 11445
92 95 1114
92 96 8335
92 97 8690
92 98 1608
92 99 5926
93 94 8787
93 95 7011
93 96 9704
93 97 8915
93 98 8434
93 99 1556
94 95 10871
94 96 6177
94 97 4889
94 98 12472
94 99 8833
95 96 7349
95 97 7593
95 98 2025
95 99 5718
96 97 1847
96 98 8311
96 99 8872
97 98 8921
97 99 8038
98 99 7452
