# --------- Instancia para o programa mo420-network-design.e  ---------
# Gerado por ../bin/mo420-network-design-gera-entrada.e 3 100 1000 100 800 10
# --------- Cabecalho com dados gerais ---------
nnodes nedges capacity gamma
100 4950 1000 10
# --------- Dados referentes aos vertices ---------
nodename posx posy weight
0 416 1013 346
1 6601 4672 400
2 2327 7483 103
3 3176 7356 376
4 344 6856 329
5 7367 6800 238
6 611 4778 168
7 9262 4800 735
8 5756 4442 506
9 672 8550 624
10 3040 4645 596
11 7226 9421 605
12 6484 2342 556
13 2199 6764 134
14 815 4871 668
15 8413 9878 106
16 4908 9024 452
17 6794 6955 236
18 6653 7210 407
19 495 5056 601
20 2566 74 743
21 8558 9988 240
22 1486 3776 399
23 7292 9429 745
24 7415 7536 330
25 1335 3188 418
26 9883 1016 317
27 9525 6666 564
28 2403 8126 459
29 6076 6682 506
30 6345 6043 365
31 1085 552 534
32 5774 1086 789
33 2923 9463 367
34 6597 2609 668
35 905 4797 315
36 3680 3681 227
37 8818 3063 237
38 9470 8629 103
39 4147 5662 161
40 2166 3787 415
41 8225 1872 419
42 5324 9045 618
43 8334 4604 544
44 9404 2806 331
45 2778 6242 253
46 3839 7160 363
47 1197 7036 103
48 3582 7131 444
49 9221 9591 198
50 6077 1335 115
51 7278 4708 362
52 5242 1835 578
53 3214 8715 243
54 7731 9381 436
55 8602 4999 206
56 8906 8367 407
57 7825 4713 149
58 7755 4506 359
59 8443 3537 108
60 8079 1368 135
61 8611 9044 643
62 4868 1305 322
63 4871 1934 392
64 1523 5248 513
65 3913 7434 640
66 2109 3362 262
67 1697 2714 381
68 6865 9074 241
69 9791 1377 426
70 8230 9135 567
71 5701 1183 535
72 7776 7155 359
73 9577 3401 285
74 6602 6332 706
75 8430 1676 429
76 3119 585 253
77 507 961 699
78 2240 4199 202
79 7806 7191 506
80 1352 8183 585
81 5050 8742 769
82 8577 375 436
83 1032 3149 336
84 6406 3616 693
85 6538 8120 196
86 7368 7397 434
87 8648 5121 141
88 3790 1191 181
89 7218 7994 716
90 748 4345 211
91 9346 970 604
92 1662 321 498
93 3691 978 336
94 2093 7170 363
95 9252 6343 317
96 2055 9155 360
97 3780 1409 574
98 861 8349 454
99 8174 6721 519
# --------- Dados referentes aas arestas ---------
endpoint1 endpoint2 distance
0 1 7226
0 2 7215
0 3 7314
0 4 6298
0 5 9464
0 6 3772
0 7 10099
0 8 6478
0 9 7785
0 10 4531
0 11 11243
0 12 6342
0 13 6092
0 14 4297
0 15 12233
0 16 9608
0 17 8843
0 18 9254
0 19 4540
0 20 2383
0 21 12136
0 22 2967
0 23 10868
0 24 9744
0 25 2760
0 26 9802
0 27 10771
0 28 7492
0 29 8219
0 30 7936
0 31 1073
0 32 5417
0 33 9308
0 34 6712
0 35 4000
0 36 4370
0 37 8930
0 38 12311
0 39 6374
0 40 3387
0 41 8196
0 42 9743
0 43 9005
0 44 9490
0 45 6068
0 46 7495
0 47 6129
0 48 6931
0 49 12397
0 50 5681
0 51 7813
0 52 4993
0 53 8478
0 54 11410
0 55 9543
0 56 11544
0 57 8429
0 58 8417
0 59 8899
0 60 8084
0 61 11826
0 62 4515
0 63 4687
0 64 4871
0 65 7445
0 66 3019
0 67 2441
0 68 10603
0 69 9781
0 70 11340
0 71 5624
0 72 10050
0 73 9951
0 74 8335
0 75 8416
0 76 2809
0 77 249
0 78 3895
0 79 9892
0 80 7243
0 81 9120
0 82 8624
0 83 2622
0 84 6727
0 85 9509
0 86 9930
0 87 9205
0 88 3822
0 89 9857
0 90 3688
0 91 9387
0 92 1510
0 93 3454
0 94 6861
0 95 10531
0 96 8646
0 97 3594
0 98 7546
0 99 9747
1 2 5493
1 3 4566
1 4 7076
1 5 2368
1 6 6024
1 7 3098
1 8 1226
1 9 7307
1 10 3764
1 11 5198
1 12 2482
1 13 5122
1 14 5954
1 15 5826
1 16 4931
1 17 2699
1 18 2595
1 19 6502
1 20 6489
1 21 5977
1 22 5603
1 23 4830
1 24 3426
1 25 5578
1 26 5347
1 27 3988
1 28 5733
1 29 2386
1 30 1671
1 31 7371
1 32 3709
1 33 6469
1 34 2327
1 35 5727
1 36 3310
1 37 3008
1 38 4896
1 39 2650
1 40 4774
1 41 3454
1 42 4857
1 43 1904
1 44 3806
1 45 4334
1 46 3863
1 47 6294
1 48 4205
1 49 5982
1 50 3389
1 51 1024
1 52 3273
1 53 5705
1 54 4947
1 55 2149
1 56 4602
1 57 1367
1 58 1553
1 59 2449
1 60 3634
1 61 5081
1 62 3977
1 63 3521
1 64 5585
1 65 3905
1 66 4857
1 67 5386
1 68 4600
1 69 4658
1 70 5029
1 71 3837
1 72 2821
1 73 3383
1 74 1809
1 75 3879
1 76 5510
1 77 7557
1 78 4568
1 79 3161
1 80 6339
1 81 4582
1 82 5024
1 83 6115
1 84 1293
1 85 3778
1 86 2842
1 87 2520
1 88 4700
1 89 3502
1 90 6138
1 91 4862
1 92 6979
1 93 5127
1 94 5160
1 95 3158
1 96 6562
1 97 4602
1 98 7260
1 99 2673
2 3 1215
2 4 2318
2 5 5352
2 6 3277
2 7 7785
2 8 4997
2 9 2401
2 10 3162
2 11 5589
2 12 7017
2 13 1012
2 14 3285
2 15 6812
2 16 3291
2 17 4967
2 18 4798
2 19 3198
2 20 7425
2 21 7153
2 22 3818
2 23 5747
2 24 5378
2 25 4423
2 26 10043
2 27 7420
2 28 897
2 29 3953
2 30 4612
2 31 7342
2 32 7514
2 33 2478
2 34 6724
2 35 3121
2 36 4323
2 37 8026
2 38 7506
2 39 2776
2 40 3838
2 41 8140
2 42 3556
2 43 6715
2 44 8670
2 45 1701
2 46 1845
2 47 1284
2 48 1691
2 49 7556
2 50 7659
2 51 5777
2 52 6833
2 53 1583
2 54 5878
2 55 6974
2 56 6669
2 57 6256
2 58 6369
2 59 7468
2 60 8817
2 61 6620
2 62 6739
2 63 6553
2 64 2842
2 65 1691
2 66 4342
2 67 5175
2 68 5269
2 69 9715
2 70 6366
2 71 7251
2 72 5951
2 73 8607
2 74 4740
2 75 8746
2 76 6967
2 77 7171
2 78 3771
2 79 5716
2 80 1620
2 81 3160
2 82 9587
2 83 4614
2 84 5817
2 85 4501
2 86 5086
2 87 6827
2 88 6902
2 89 5253
2 90 3642
2 91 10037
2 92 7667
2 93 7037
2 94 666
2 95 7212
2 96 1942
2 97 6559
2 98 2038
2 99 5985
3 4 3032
3 5 4387
3 6 3796
3 7 7086
3 8 4349
3 9 2959
3 10 3011
3 11 4558
3 12 6078
3 13 1545
3 14 3499
3 15 6237
3 16 2729
3 17 3994
3 18 3543
3 19 4027
3 20 7722
3 21 6070
3 22 4056
3 23 4617
3 24 4522
3 25 4975
3 26 9643
3 27 6857
3 28 1126
3 29 3372
3 30 3566
3 31 7590
3 32 7037
3 33 2272
3 34 6063
3 35 3436
3 36 4082
3 37 7457
3 38 6815
3 39 2042
3 40 4111
3 41 7939
3 42 3046
3 43 6223
3 44 7720
3 45 1510
3 46 1115
3 47 2320
3 48 611
3 49 6693
3 50 6858
3 51 5358
3 52 6040
3 53 1585
3 54 5417
3 55 6039
3 56 6267
3 57 5688
3 58 5516
3 59 6863
3 60 8091
3 61 5991
3 62 6769
3 63 6162
3 64 2690
3 65 933
3 66 4244
3 67 5123
3 68 4413
3 69 9034
3 70 5698
3 71 6823
3 72 4728
3 73 7813
3 74 3854
3 75 7914
3 76 7021
3 77 7249
3 78 3721
3 79 5106
3 80 2420
3 81 2375
3 82 9248
3 83 4735
3 84 4983
3 85 3885
3 86 4652
3 87 6373
3 88 6268
3 89 4389
3 90 4358
3 91 9132
3 92 7320
3 93 6718
3 94 1388
3 95 6244
3 96 2159
3 97 6144
3 98 2933
3 99 5331
4 5 7247
4 6 2539
4 7 9260
4 8 6305
4 9 1818
4 10 3794
4 11 7648
4 12 7738
4 13 2328
4 14 2081
4 15 8732
4 16 5125
4 17 6500
4 18 6389
4 19 2252
4 20 7198
4 21 9162
4 22 3487
4 23 7668
4 24 7289
4 25 4180
4 26 11378
4 27 9242
4 28 2740
4 29 5854
4 30 6532
4 31 6802
4 32 8102
4 33 4131
4 34 7752
4 35 2492
4 36 4714
4 37 9337
4 38 9670
4 39 4219
4 40 3681
4 41 9386
4 42 5810
4 43 8441
4 44 10285
4 45 2971
4 46 3553
4 47 876
4 48 3375
4 49 9757
4 50 8093
4 51 7602
4 52 7395
4 53 3742
4 54 8300
4 55 8822
4 56 8707
4 57 7935
4 58 8273
4 59 8769
4 60 9970
4 61 8983
4 62 7219
4 63 6756
4 64 2235
4 65 4014
4 66 3918
4 67 4579
4 68 7206
4 69 11238
4 70 8329
4 71 7942
4 72 7648
4 73 10067
4 74 6472
4 75 9625
4 76 6920
4 77 6072
4 78 3351
4 79 7948
4 80 2073
4 81 5453
4 82 10613
4 83 4018
4 84 7041
4 85 6402
4 86 7451
4 87 8857
4 88 7038
4 89 7315
4 90 2556
4 91 10855
4 92 7112
4 93 6784
4 94 2212
4 95 9258
4 96 3342
4 97 6803
4 98 1582
4 99 8127
5 6 7291
5 7 2915
5 8 3055
5 9 7188
5 10 4967
5 11 3020
5 12 4544
5 13 5604
5 14 7221
5 15 3614
5 16 3799
5 17 939
5 18 934
5 19 7208
5 20 8725
5 21 3539
5 22 6869
5 23 2898
5 24 749
5 25 7442
5 26 6456
5 27 2263
5 28 5484
5 29 1643
5 30 1716
5 31 8928
5 32 6371
5 33 5487
5 34 4337
5 35 7112
5 36 4871
5 37 4399
5 38 2839
5 39 3563
5 40 6250
5 41 5465
5 42 3180
5 43 2581
5 44 4726
5 45 4769
5 46 3737
5 47 6405
5 48 3836
5 49 3460
5 50 5853
5 51 2262
5 52 5755
5 53 4983
5 54 2748
5 55 2349
5 56 2453
5 57 2400
5 58 2544
5 59 3494
5 60 5662
5 61 2751
5 62 6084
5 63 5681
5 64 6516
5 65 3881
5 66 6438
5 67 7455
5 68 2533
5 69 6101
5 70 2850
5 71 6249
5 72 765
5 73 4403
5 74 1110
5 75 5700
5 76 7963
5 77 9214
5 78 5787
5 79 1042
5 80 6575
5 81 3075
5 82 6688
5 83 7620
5 84 3568
5 85 1867
5 86 1005
5 87 2328
5 88 6771
5 89 1581
5 90 7435
5 91 6427
5 92 8755
5 93 7353
5 94 5475
5 95 2427
5 96 6280
5 97 6762
5 98 6968
5 99 1157
6 7 8767
6 8 5490
6 9 3969
6 10 2740
6 11 8462
6 12 6827
6 13 2600
6 14 480
6 15 9626
6 16 6464
6 17 6778
6 18 6514
6 19 384
6 20 5394
6 21 9831
6 22 1626
6 23 8625
6 24 7823
6 25 2108
6 26 10071
6 27 9347
6 28 4021
6 29 5975
6 30 5908
6 31 4735
6 32 6449
6 33 5693
6 34 6844
6 35 645
6 36 3403
6 37 8881
6 38 9986
6 39 4113
6 40 1869
6 41 8394
6 42 6557
6 43 8018
6 44 9431
6 45 2859
6 46 4479
6 47 2412
6 48 4014
6 49 10015
6 50 6836
6 51 6790
6 52 5764
6 53 4748
6 54 8562
6 55 8265
6 56 9517
6 57 7571
6 58 7460
6 59 8382
6 60 8502
6 61 9136
6 62 5533
6 63 5500
6 64 1219
6 65 4473
6 66 2061
6 67 2788
6 68 7743
6 69 10232
6 70 9125
6 71 6428
6 72 7696
6 73 9296
6 74 6603
6 75 8827
6 76 5351
6 77 4105
6 78 1994
6 79 7836
6 80 3984
6 81 6132
6 82 9151
6 83 1991
6 84 6308
6 85 7112
6 86 7436
6 87 8231
6 88 5083
6 89 7441
6 90 732
6 91 9787
6 92 4683
6 93 5391
6 94 2874
6 95 9039
6 96 5033
6 97 4766
6 98 3898
6 99 7918
7 8 3737
7 9 9796
7 10 6486
7 11 5122
7 12 3734
7 13 7782
7 14 8718
7 15 5483
7 16 6464
7 17 3575
7 18 3712
7 19 8932
7 20 8559
7 21 5546
7 22 7922
7 23 5522
7 24 3788
7 25 8398
7 26 4334
7 27 2212
7 28 7968
7 29 3847
7 30 3487
7 31 9390
7 32 5234
7 33 8080
7 34 3788
7 35 8828
7 36 6144
7 37 1806
7 38 4029
7 39 5658
7 40 7396
7 41 3295
7 42 6045
7 43 1180
7 44 2391
7 45 6989
7 46 6083
7 47 8694
7 48 6636
7 49 5125
7 50 5049
7 51 2196
7 52 5127
7 53 7295
7 54 5285
7 55 697
7 56 3775
7 57 1850
7 58 1615
7 59 1611
7 60 3914
7 61 4739
7 62 5802
7 63 5321
7 64 7788
7 65 6295
7 66 7697
7 67 8255
7 68 5026
7 69 3872
7 70 4544
7 71 5161
7 72 3240
7 73 1477
7 74 3527
7 75 3618
7 76 7565
7 77 9942
7 78 7303
7 79 3297
7 80 8977
7 81 6125
7 82 4829
7 83 8870
7 84 3548
7 85 4710
7 86 3655
7 87 1050
7 88 6870
7 89 4242
7 90 8730
7 91 3984
7 92 9115
7 93 6814
7 94 8005
7 95 1965
7 96 8618
7 97 6845
7 98 9495
7 99 2656
8 9 6619
8 10 3094
8 11 5541
8 12 2387
8 13 4725
8 14 5182
8 15 6251
8 16 4703
8 17 2786
8 18 3189
8 19 5680
8 20 5846
8 21 6457
8 22 4542
8 23 5308
8 24 3559
8 25 4595
8 26 5777
8 27 4808
8 28 5466
8 29 2662
8 30 2123
8 31 6275
8 32 3583
8 33 6187
8 34 2421
8 35 5094
8 36 2385
8 37 3667
8 38 5702
8 39 2417
8 40 3749
8 41 3754
8 42 4652
8 43 2693
8 44 4257
8 45 3657
8 46 3666
8 47 5456
8 48 3712
8 49 6686
8 50 3588
8 51 1571
8 52 3083
8 53 5008
8 54 5413
8 55 3100
8 56 5122
8 57 2241
8 58 2091
8 59 3069
8 60 3975
8 61 5622
8 62 3456
8 63 2965
8 64 4648
8 65 3717
8 66 4107
8 67 4678
8 68 4879
8 69 5403
8 70 5652
8 71 3700
8 72 3545
8 73 4342
8 74 2279
8 75 3870
8 76 4953
8 77 6497
8 78 3602
8 79 3864
8 80 6127
8 81 4634
8 82 5234
8 83 5036
8 84 1084
8 85 3878
8 86 3416
8 87 3224
8 88 3927
8 89 4171
8 90 5197
8 91 5000
8 92 6214
8 93 4144
8 94 4749
8 95 4436
8 96 5996
8 97 3722
8 98 6620
8 99 3390
9 10 4894
9 11 6658
9 12 8977
9 13 2838
9 14 3755
9 15 8080
9 16 4761
9 17 6697
9 18 6208
9 19 3902
9 20 8738
9 21 8423
9 22 5000
9 23 7146
9 24 7128
9 25 5416
9 26 12392
9 27 9063
9 28 1996
9 29 6182
9 30 6414
9 31 8168
9 32 9404
9 33 2617
9 34 8441
9 35 4116
9 36 5750
9 37 9938
9 38 9101
9 39 4521
9 40 5298
9 41 10483
9 42 4932
9 43 9030
9 44 10556
9 45 3316
9 46 3864
9 47 1701
9 48 3580
9 49 9062
9 50 9378
9 51 8039
9 52 8264
9 53 2715
9 54 7572
9 55 8764
9 56 8257
9 57 8601
9 58 8339
9 59 9672
9 60 10499
9 61 8280
9 62 8777
9 63 8329
9 64 3755
9 65 3471
9 66 5821
9 67 5943
9 68 6297
9 69 12056
9 70 7761
9 71 9361
9 72 7260
9 73 10311
9 74 6345
9 75 10443
9 76 8668
9 77 7818
9 78 5025
9 79 7516
9 80 866
9 81 4832
9 82 11601
9 83 5642
9 84 8030
9 85 6302
9 86 7168
9 87 8717
9 88 8348
9 89 6604
9 90 4705
9 91 11867
9 92 8603
9 93 8521
9 94 2106
9 95 9182
9 96 1715
9 97 7814
9 98 401
9 99 7744
10 11 6827
10 12 4508
10 13 2581
10 14 2244
10 15 7786
10 16 5051
10 17 4718
10 18 4544
10 19 3072
10 20 4815
10 21 8077
10 22 1853
10 23 6578
10 24 5472
10 25 2420
10 26 8166
10 27 6887
10 28 3753
10 29 4107
10 30 3988
10 31 4912
10 32 4613
10 33 5166
10 34 4156
10 35 2292
10 36 1381
10 37 6070
10 38 7762
10 39 1747
10 40 1438
10 41 5996
10 42 4968
10 43 5559
10 44 6765
10 45 2076
10 46 3077
10 47 3348
10 48 2604
10 49 8090
10 50 4589
10 51 4583
10 52 3583
10 53 4201
10 54 6696
10 55 5655
10 56 7375
10 57 5165
10 58 4940
10 59 5899
10 60 6234
10 61 7559
10 62 4223
10 63 3603
10 64 1934
10 65 3315
10 66 1730
10 67 2694
10 68 6013
10 69 7748
10 70 7190
10 71 4444
10 72 5629
10 73 6922
10 74 4292
10 75 6592
10 76 4466
10 77 4561
10 78 1231
10 79 5636
10 80 4317
10 81 4782
10 82 7096
10 83 2806
10 84 3750
10 85 4936
10 86 5157
10 87 6080
10 88 3688
10 89 5524
10 90 2495
10 91 7485
10 92 4597
10 93 3751
10 94 2879
10 95 6771
10 96 4946
10 97 3576
10 98 4347
10 99 5580
11 12 7612
11 13 6070
11 14 8003
11 15 1487
11 16 2393
11 17 2948
11 18 2736
11 19 8291
11 20 10518
11 21 1521
11 22 8094
11 23 374
11 24 2249
11 25 8677
11 26 8886
11 27 3774
11 28 5118
11 29 2999
11 30 3643
11 31 11087
11 32 8687
11 33 4482
11 34 7154
11 35 8120
11 36 6760
11 37 7021
11 38 2768
11 39 5081
11 40 7886
11 41 8057
11 42 2157
11 43 5392
11 44 7100
11 45 5832
11 46 4118
11 47 6749
11 48 4319
11 49 2398
11 50 8628
11 51 4911
11 52 8133
11 53 4474
11 54 966
11 55 4640
11 56 2189
11 57 4757
11 58 5260
11 59 6384
11 60 8553
11 61 1751
11 62 8731
11 63 8339
11 64 7414
11 65 3891
11 66 7987
11 67 8847
11 68 997
11 69 8726
11 70 1120
11 71 8800
11 72 2457
11 73 6660
11 74 3404
11 75 8242
11 76 9930
11 77 10848
11 78 7617
11 79 2791
11 80 6359
11 81 2357
11 82 9472
11 83 9245
11 84 6208
11 85 1744
11 86 2444
11 87 4566
11 88 9147
11 89 1485
11 90 8326
11 91 9079
11 92 10675
11 93 9366
11 94 5905
11 95 4057
11 96 5189
11 97 9150
11 98 6787
11 99 2993
12 13 6343
12 14 6655
12 15 7833
12 16 6927
12 17 4914
12 18 5262
12 19 6710
12 20 4584
12 21 7980
12 22 5426
12 23 7144
12 24 5470
12 25 5426
12 26 4144
12 27 5288
12 28 7165
12 29 4749
12 30 4171
12 31 6143
12 32 1829
12 33 8065
12 34 726
12 35 6189
12 36 3179
12 37 2748
12 38 7386
12 39 4274
12 40 4710
12 41 2101
12 42 7026
12 43 2997
12 44 3006
12 45 5717
12 46 5815
12 47 7345
12 48 5634
12 49 7951
12 50 1435
12 51 2780
12 52 1722
12 53 7404
12 54 7477
12 55 3440
12 56 6938
12 57 2873
12 58 2929
12 59 2731
12 60 2118
12 61 7494
12 62 2031
12 63 1772
12 64 6098
12 65 6141
12 66 4967
12 67 4932
12 68 7191
12 69 3701
12 70 7109
12 71 1886
12 72 5329
12 73 3611
12 74 4204
12 75 2074
12 76 3950
12 77 6181
12 78 5090
12 79 5268
12 80 7799
12 81 6720
12 82 3231
12 83 5852
12 84 1384
12 85 6130
12 86 5292
12 87 3522
12 88 3007
12 89 5986
12 90 6157
12 91 3497
12 92 5683
12 93 3252
12 94 7017
12 95 4991
12 96 8345
12 97 2970
12 98 8242
12 99 5022
13 14 2473
13 15 6985
13 16 3626
13 17 5083
13 18 4847
13 19 2766
13 20 6790
13 21 7449
13 22 3496
13 23 6048
13 24 5350
13 25 4051
13 26 9596
13 27 7389
13 28 1555
13 29 4215
13 30 4382
13 31 6336
13 32 7189
13 33 3154
13 34 6477
13 35 2598
13 36 3723
13 37 7715
13 38 7590
13 39 2435
13 40 3244
13 41 8205
13 42 4233
13 43 6907
13 44 8296
13 45 1041
13 46 2106
13 47 1402
13 48 1500
13 49 7858
13 50 6711
13 51 5716
13 52 5922
13 53 2532
13 54 6310
13 55 7127
13 56 7367
13 57 6391
13 58 6043
13 59 7072
13 60 8279
13 61 7281
13 62 6328
13 63 5540
13 64 2023
13 65 1884
13 66 3548
13 67 4483
13 68 5554
13 69 9344
13 70 6841
13 71 6968
13 72 5996
13 73 8249
13 74 4838
13 75 8402
13 76 6569
13 77 6201
13 78 2934
13 79 5961
13 80 2044
13 81 3869
13 82 9042
13 83 4104
13 84 5679
13 85 4852
13 86 5245
13 87 6856
13 88 6096
13 89 5600
13 90 2839
13 91 9647
13 92 6667
13 93 6428
13 94 534
13 95 7503
13 96 2463
13 97 5740
13 98 2159
13 99 6435
14 15 9418
14 16 5915
14 17 6742
14 18 6389
14 19 765
14 20 5315
14 21 9498
14 22 1405
14 23 8165
14 24 7315
14 25 2218
14 26 10156
14 27 9075
14 28 3839
14 29 5716
14 30 5887
14 31 4474
14 32 6270
14 33 5345
14 34 6546
14 35 544
14 36 3353
14 37 8430
14 38 9681
14 39 3707
14 40 2181
14 41 8493
14 42 6148
14 43 7746
14 44 9299
14 45 2395
14 46 3989
14 47 2236
14 48 3980
14 49 9986
14 50 6726
14 51 6896
14 52 5484
14 53 4981
14 54 8540
14 55 8217
14 56 9201
14 57 7129
14 58 7034
14 59 7960
14 60 8511
14 61 9104
14 62 5851
14 63 5120
14 64 814
14 65 4228
14 66 2341
14 67 2428
14 68 7367
14 69 10103
14 70 9023
14 71 6265
14 72 7517
14 73 9288
14 74 6399
14 75 8737
14 76 5105
14 77 4302
14 78 1837
14 79 7489
14 80 3444
14 81 6082
14 82 9162
14 83 1917
14 84 5950
14 85 7038
14 86 7285
14 87 8208
14 88 5170
14 89 7409
14 90 883
14 91 9522
14 92 4892
14 93 5104
14 94 2710
14 95 8989
14 96 4824
14 97 4921
14 98 3828
14 99 7610
15 16 3658
15 17 3352
15 18 3337
15 19 9621
15 20 11444
15 21 409
15 22 9568
15 23 1208
15 24 2703
15 25 10107
15 26 9053
15 27 3565
15 28 6716
15 29 4012
15 30 4494
15 31 12076
15 32 9226
15 33 5819
15 34 7661
15 35 9107
15 36 7893
15 37 7274
15 38 1866
15 39 6365
15 40 8913
15 41 8185
15 42 3635
15 43 5370
15 44 7520
15 45 6827
15 46 5750
15 47 8163
15 48 5584
15 49 1255
15 50 9208
15 51 5730
15 52 8755
15 53 5641
15 54 877
15 55 5301
15 56 1994
15 57 5382
15 58 5653
15 59 6655
15 60 8532
15 61 1066
15 62 9729
15 63 9055
15 64 8375
15 65 5435
15 66 9245
15 67 10086
15 68 2142
15 69 8834
15 70 934
15 71 9228
15 72 3296
15 73 7058
15 74 4311
15 75 8601
15 76 11053
15 77 12152
15 78 8614
15 79 3084
15 80 7377
15 81 3840
15 82 9715
15 83 10189
15 84 6679
15 85 2873
15 86 3118
15 87 5044
15 88 10083
15 89 2609
15 90 9478
15 91 9395
15 92 11938
15 93 10243
15 94 7151
15 95 3729
15 96 6825
15 97 9997
15 98 8160
15 99 3485
16 17 3207
16 18 2735
16 19 6166
16 20 9411
16 21 4016
16 22 6728
16 23 2887
16 24 3030
16 25 7305
16 26 9738
16 27 5410
16 28 2915
16 29 3111
16 30 3704
16 31 9400
16 32 8248
16 33 2282
16 34 6715
16 35 6009
16 36 5521
16 37 7460
16 38 4707
16 39 3715
16 40 6015
16 41 8009
16 42 424
16 43 5838
16 44 7690
16 45 3551
16 46 2222
16 47 4390
16 48 2750
16 49 4777
16 50 8157
16 51 5191
16 52 7316
16 53 1851
16 54 3289
16 55 5475
16 56 4162
16 57 5614
16 58 5463
16 59 6909
16 60 8319
16 61 4069
16 62 7750
16 63 7576
16 64 5502
16 65 1891
16 66 6335
16 67 7273
16 68 2416
16 69 9557
16 70 3639
16 71 8374
16 72 3806
16 73 7356
16 74 3296
16 75 8350
16 76 8792
16 77 9396
16 78 5976
16 79 3490
16 80 3663
16 81 321
16 82 9715
16 83 7099
16 84 5861
16 85 1900
16 86 3350
16 87 5821
16 88 7935
16 89 2705
16 90 6417
16 91 9652
16 92 9525
16 93 8462
16 94 3709
16 95 5110
16 96 2902
16 97 8053
16 98 4270
16 99 4469
17 18 613
17 19 6938
17 20 8482
17 21 3540
17 22 6485
17 23 2878
17 24 1335
17 25 6743
17 26 6752
17 27 3223
17 28 5000
17 29 1206
17 30 1215
17 31 8995
17 32 6017
17 33 5066
17 34 4678
17 35 6510
17 36 4651
17 37 4762
17 38 3506
17 39 3323
17 40 6105
17 41 5334
17 42 2872
17 43 2882
17 44 4904
17 45 4245
17 46 3368
17 47 5631
17 48 3262
17 49 4028
17 50 5682
17 51 2443
17 52 5534
17 53 4222
17 54 3067
17 55 3082
17 56 2740
17 57 2939
17 58 3096
17 59 4122
17 60 5813
17 61 3142
17 62 6242
17 63 5404
17 64 5835
17 65 3187
17 66 6114
17 67 7013
17 68 2493
17 69 6812
17 70 2808
17 71 5902
17 72 1484
17 73 4925
17 74 1008
17 75 5878
17 76 7819
17 77 9061
17 78 5603
17 79 1313
17 80 5792
17 81 2839
17 82 6974
17 83 7304
17 84 3661
17 85 1375
17 86 944
17 87 2818
17 88 6604
17 89 1583
17 90 6972
17 91 6528
17 92 8874
17 93 7124
17 94 4752
17 95 2721
17 96 5349
17 97 6345
17 98 6341
17 99 1825
18 19 6561
18 20 8615
18 21 3794
18 22 6584
18 23 2599
18 24 993
18 25 7042
18 26 7279
18 27 3069
18 28 4469
18 29 1057
18 30 1324
18 31 9093
18 32 6466
18 33 4591
18 34 4769
18 35 6703
18 36 4654
18 37 4752
18 38 3246
18 39 2949
18 40 5947
18 41 5594
18 42 2677
18 43 3567
18 44 5511
18 45 4139
18 46 3089
18 47 5911
18 48 3305
18 49 3902
18 50 5950
18 51 2963
18 52 5714
18 53 3777
18 54 2633
18 55 3406
18 56 2890
18 57 2936
18 58 3266
18 59 4461
18 60 6270
18 61 2865
18 62 6598
18 63 6026
18 64 5565
18 65 2970
18 66 6381
18 67 6754
18 68 2093
18 69 7019
18 70 2987
18 71 6182
18 72 1610
18 73 5240
18 74 978
18 75 5847
18 76 7827
18 77 8783
18 78 5827
18 79 1495
18 80 5824
18 81 2600
18 82 7288
18 83 7309
18 84 3641
18 85 1247
18 86 1044
18 87 2977
18 88 7067
18 89 972
18 90 7056
18 91 7252
18 92 8998
18 93 7051
18 94 4778
18 95 3213
18 96 5258
18 97 6810
18 98 5994
18 99 1655
19 20 5586
19 21 9514
19 22 1920
19 23 8186
19 24 7588
19 25 2388
19 26 10638
19 27 9489
19 28 4011
19 29 6137
19 30 6430
19 31 4980
19 32 6811
19 33 5365
19 34 6695
19 35 807
19 36 3843
19 37 8929
19 38 9880
19 39 3714
19 40 2131
19 41 8650
19 42 6487
19 43 8124
19 44 9526
19 45 2625
19 46 4262
19 47 2488
19 48 3904
19 49 10004
19 50 6956
19 51 7097
19 52 6019
19 53 4967
19 54 8588
19 55 8595
19 56 9449
19 57 7617
19 58 7377
19 59 8268
19 60 8473
19 61 9450
19 62 6229
19 63 5562
19 64 1412
19 65 4365
19 66 2528
19 67 2998
19 68 8022
19 69 10229
19 70 8755
19 71 6802
19 72 7849
19 73 9270
19 74 6726
19 75 9055
19 76 5426
19 77 4290
19 78 1990
19 79 7743
19 80 3682
19 81 6287
19 82 9641
19 83 2059
19 84 6349
19 85 6917
19 86 7653
19 87 8458
19 88 5414
19 89 7631
19 90 1095
19 91 9921
19 92 4968
19 93 5266
19 94 2844
19 95 9164
19 96 4650
19 97 5254
19 98 3320
19 99 8072
20 21 11982
20 22 4351
20 23 10899
20 24 9178
20 25 3631
20 26 7477
20 27 9709
20 28 8220
20 29 7909
20 30 7493
20 31 1570
20 32 3789
20 33 9698
20 34 4916
20 35 5193
20 36 3855
20 37 7102
20 38 11027
20 39 6107
20 40 4168
20 41 6230
20 42 9761
20 43 7747
20 44 7507
20 45 6274
20 46 7430
20 47 7318
20 48 7487
20 49 11935
20 50 3976
20 51 6831
20 52 3659
20 53 8942
20 54 10926
20 55 7929
20 56 10772
20 57 7315
20 58 6876
20 59 7099
20 60 5713
20 61 11097
20 62 3050
20 63 3360
20 64 5734
20 65 7931
20 66 3694
20 67 3243
20 68 10317
20 69 7816
20 70 11151
20 71 3650
20 72 8911
20 73 8253
20 74 7746
20 75 6339
20 76 1220
20 77 2624
20 78 4174
20 79 9140
20 80 8414
20 81 9235
20 82 6343
20 83 3697
20 84 5691
20 85 9440
20 86 9211
20 87 8301
20 88 1896
20 89 9222
20 90 5010
20 91 7061
20 92 1134
20 93 1789
20 94 7378
20 95 9253
20 96 9116
20 97 2010
20 98 8745
20 99 9180
21 22 9590
21 23 1758
21 24 2750
21 25 9921
21 26 9309
21 27 3705
21 28 6505
21 29 4471
21 30 4919
21 31 12077
21 32 9524
21 33 5890
21 34 7659
21 35 9430
21 36 8409
21 37 6971
21 38 1899
21 39 6229
21 40 9275
21 41 8311
21 42 3534
21 43 5742
21 44 7494
21 45 7063
21 46 5930
21 47 7952
21 48 5947
21 49 1095
21 50 9142
21 51 5435
21 52 8875
21 53 5812
21 54 1272
21 55 5168
21 56 1937
21 57 5615
21 58 5790
21 59 6827
21 60 8855
21 61 1020
21 62 9449
21 63 9309
21 64 8600
21 65 5789
21 66 9488
21 67 10461
21 68 2370
21 69 9156
21 70 1241
21 71 9396
21 72 3145
21 73 6863
21 74 4295
21 75 8489
21 76 11145
21 77 12392
21 78 8926
21 79 3090
21 80 7560
21 81 3872
21 82 10044
21 83 10420
21 84 6970
21 85 2764
21 86 3247
21 87 5015
21 88 10018
21 89 2835
21 90 9673
21 91 9542
21 92 12121
21 93 10413
21 94 7371
21 95 4047
21 96 6796
21 97 10013
21 98 7893
21 99 3481
22 23 8259
22 24 7234
22 25 652
22 26 9113
22 27 8910
22 28 4865
22 29 5674
22 30 5635
22 31 3517
22 32 5268
22 33 6097
22 34 5355
22 35 1461
22 36 2696
22 37 7855
22 38 9748
22 39 3384
22 40 718
22 41 7279
22 42 6791
22 43 7169
22 44 8050
22 45 3110
22 46 4395
22 47 3699
22 48 4031
22 49 9783
22 50 5613
22 51 6294
22 52 4628
22 53 5445
22 54 8791
22 55 7607
22 56 9072
22 57 6489
22 58 6494
22 59 7047
22 60 7230
22 61 9139
22 62 4387
22 63 3856
22 64 1930
22 65 4824
22 66 1236
22 67 1522
22 68 7862
22 69 8795
22 70 8891
22 71 5236
22 72 7231
22 73 8173
22 74 5752
22 75 7625
22 76 3664
22 77 3419
22 78 1042
22 79 7635
22 80 4681
22 81 6584
22 82 7916
22 83 1065
22 84 5225
22 85 7070
22 86 7343
22 87 7315
22 88 3571
22 89 7151
22 90 1119
22 91 8777
22 92 3501
22 93 3934
22 94 3486
22 95 8533
22 96 5740
22 97 3381
22 98 4996
22 99 7573
23 24 1909
23 25 8671
23 26 8843
23 27 4024
23 28 5535
23 29 3337
23 30 3947
23 31 10929
23 32 8929
23 33 4375
23 34 7249
23 35 8046
23 36 7193
23 37 6744
23 38 2593
23 39 5194
23 40 7816
23 41 8039
23 42 2427
23 43 5430
23 44 7054
23 45 5622
23 46 4152
23 47 6787
23 48 4659
23 49 2048
23 50 8455
23 51 5108
23 52 8116
23 53 4524
23 54 716
23 55 4952
23 56 2090
23 57 5241
23 58 5438
23 59 6347
23 60 8565
23 61 1683
23 62 8539
23 63 8211
23 64 7218
23 65 4064
23 66 8003
23 67 8749
23 68 848
23 69 8525
23 70 1338
23 71 8596
23 72 2495
23 73 6805
23 74 3590
23 75 8260
23 76 9979
23 77 11001
23 78 7274
23 79 2416
23 80 6506
23 81 2567
23 82 9348
23 83 9298
23 84 6110
23 85 1517
23 86 2184
23 87 4824
23 88 9141
23 89 1444
23 90 8774
23 91 8724
23 92 11122
23 93 9339
23 94 6046
23 95 3948
23 96 5651
23 97 9239
23 98 6709
23 99 3262
24 25 7475
24 26 6983
24 27 2536
24 28 5469
24 29 1822
24 30 2073
24 31 9791
24 32 6758
24 33 5288
24 34 5102
24 35 7108
24 36 5658
24 37 4936
24 38 2560
24 39 4244
24 40 6864
24 41 6039
24 42 2743
24 43 3320
24 44 5137
24 45 5007
24 46 3683
24 47 6464
24 48 3990
24 49 2795
24 50 6691
24 51 3298
24 52 6167
24 53 4402
24 54 2289
24 55 3037
24 56 1835
24 57 3269
24 58 3364
24 59 4522
24 60 6302
24 61 2045
24 62 7110
24 63 6512
24 64 6682
24 65 3805
24 66 7050
24 67 7721
24 68 1805
24 69 6994
24 70 2035
24 71 6787
24 72 734
24 73 4940
24 74 1683
24 75 6227
24 76 8210
24 77 10028
24 78 6515
24 79 748
24 80 6331
24 81 3064
24 82 7327
24 83 8211
24 84 4186
24 85 1286
24 86 548
24 87 2893
24 88 7568
24 89 784
24 90 7529
24 91 7112
24 92 9564
24 93 7550
24 94 5546
24 95 2333
24 96 5783
24 97 7511
24 98 6794
24 99 1350
25 26 9319
25 27 9352
25 28 5202
25 29 6113
25 30 5831
25 31 2979
25 32 5045
25 33 6969
25 34 5792
25 35 1738
25 36 2784
25 37 7934
25 38 9928
25 39 3996
25 40 1500
25 41 7220
25 42 7160
25 43 7382
25 44 8263
25 45 3409
25 46 4775
25 47 3884
25 48 4812
25 49 10363
25 50 5154
25 51 6183
25 52 4329
25 53 6103
25 54 9264
25 55 7946
25 56 9211
25 57 6747
25 58 6718
25 59 7169
25 60 7076
25 61 9810
25 62 4097
25 63 3945
25 64 2404
25 65 4981
25 66 899
25 67 1009
25 68 8368
25 69 9059
25 70 9311
25 71 5126
25 72 8041
25 73 8568
25 74 6145
25 75 7531
25 76 3271
25 77 2426
25 78 1584
25 79 7635
25 80 5146
25 81 6785
25 82 7934
25 83 607
25 84 5447
25 85 7346
25 86 7769
25 87 7664
25 88 3589
25 89 7877
25 90 1711
25 91 8534
25 92 3009
25 93 3425
25 94 4175
25 95 8563
25 96 6238
25 97 3161
25 98 5372
25 99 7755
26 27 6107
26 28 10666
26 29 7203
26 30 6246
26 31 8840
26 32 4380
26 33 11135
26 34 4050
26 35 10206
26 36 7222
26 37 2764
26 38 7957
26 39 7515
26 40 8473
26 41 2258
26 42 9440
26 43 4342
26 44 2107
26 45 9261
26 46 8776
26 47 10687
26 48 8788
26 49 8764
26 50 4174
26 51 4898
26 52 5026
26 53 10508
26 54 8860
26 55 4266
26 56 7804
26 57 4246
26 58 4358
26 59 3011
26 60 1989
26 61 8406
26 62 5228
26 63 5100
26 64 9445
26 65 9102
26 66 8462
26 67 8782
26 68 8900
26 69 615
26 70 8359
26 71 4504
26 72 6516
26 73 2552
26 74 6546
26 75 1635
26 76 7277
26 77 9392
26 78 8336
26 79 6928
26 80 11161
26 81 9412
26 82 1752
26 83 9179
26 84 4735
26 85 8065
26 86 7063
26 87 4747
26 88 6125
26 89 7600
26 90 10002
26 91 707
26 92 8337
26 93 6628
26 94 9947
26 95 5580
26 96 11604
26 97 6235
26 98 11811
26 99 6243
27 28 7525
27 29 3684
27 30 3281
27 31 10576
27 32 7045
27 33 7365
27 34 5474
27 35 9298
27 36 6796
27 37 3776
27 38 2043
27 39 5965
27 40 7961
27 41 5198
27 42 5294
27 43 2746
27 44 3865
27 45 7170
27 46 6190
27 47 8347
27 48 6166
27 49 3405
27 50 6633
27 51 2987
27 52 6540
27 53 7129
27 54 3538
27 55 1920
27 56 2111
27 57 2799
27 58 2963
27 59 3463
27 60 5619
27 61 2593
27 62 7189
27 63 6764
27 64 8178
27 65 6054
27 66 8120
27 67 8800
27 68 3741
27 69 5355
27 70 3208
27 71 6897
27 72 2174
27 73 3619
27 74 3293
27 75 5275
27 76 9299
27 77 10925
27 78 7818
27 79 1913
27 80 8602
27 81 5428
27 82 6551
27 83 9215
27 84 4559
27 85 3677
27 86 2658
27 87 2194
27 88 8387
27 89 2917
27 90 9504
27 91 6179
27 92 10370
27 93 8424
27 94 7770
27 95 699
27 96 8287
27 97 7936
27 98 9016
27 99 1520
28 29 4281
28 30 4833
28 31 8035
28 32 8128
28 33 1600
28 34 7249
28 35 3996
28 36 5120
28 37 8427
28 38 7280
28 39 3188
28 40 4631
28 41 8619
28 42 3290
28 43 7109
28 44 9056
28 45 2266
28 46 1747
28 47 1743
28 48 1696
28 49 7441
28 50 7843
28 51 6142
28 52 7020
28 53 1072
28 54 5859
28 55 6992
28 56 6626
28 57 6449
28 58 6782
28 59 7613
28 60 9058
28 61 6514
28 62 7426
28 63 6956
28 64 3265
28 65 2002
28 66 4877
28 67 5831
28 68 4951
28 69 10395
28 70 6304
28 71 7921
28 72 5804
28 73 9077
28 74 4717
28 75 9061
28 76 7787
28 77 7479
28 78 4171
28 79 5551
28 80 1212
28 81 2986
28 82 10215
28 83 5518
28 84 6030
28 85 4471
28 86 5373
28 87 7223
28 88 7558
28 89 4925
28 90 4505
28 91 10350
28 92 8188
28 93 7724
28 94 1173
28 95 7344
28 96 1302
28 97 6861
28 98 1778
28 99 6286
29 30 809
29 31 8209
29 32 5735
29 33 4342
29 34 4478
29 35 5928
29 36 4136
29 37 4835
29 38 4304
29 39 2387
29 40 5280
29 41 5764
29 42 2619
29 43 3458
29 44 5375
29 45 3580
29 46 2341
29 47 5261
29 48 2976
29 49 4784
29 50 5837
29 51 2609
29 52 5318
29 53 3700
29 54 3331
29 55 3502
29 56 3611
29 57 2930
29 58 3138
29 59 4047
29 60 6007
29 61 3716
29 62 5820
29 63 4898
29 64 4926
29 65 2646
29 66 5330
29 67 6206
29 68 2716
29 69 6866
29 70 3491
29 71 5690
29 72 2042
29 73 5166
29 74 858
29 75 5565
29 76 7140
29 77 8061
29 78 4668
29 79 1981
29 80 5262
29 81 2480
29 82 6842
29 83 6307
29 84 3230
29 85 1611
29 86 1677
29 87 3117
29 88 5984
29 89 2177
29 90 5838
29 91 6882
29 92 8039
29 93 6265
29 94 4066
29 95 3417
29 96 5056
29 97 5841
29 98 5708
29 99 2494
30 31 7989
30 32 4990
30 33 4971
30 34 3727
30 35 5691
30 36 3635
30 37 4230
30 38 4421
30 39 2539
30 40 4997
30 41 4611
30 42 3222
30 43 2550
30 44 4888
30 45 3607
30 46 2857
30 47 5416
30 48 3410
30 49 5008
30 50 4816
30 51 2084
30 52 4552
30 53 4384
30 54 3854
30 55 2913
30 56 3634
30 57 2238
30 58 2513
30 59 3398
30 60 4998
30 61 4252
30 62 5117
30 63 4374
30 64 5304
30 65 3030
30 66 5296
30 67 5773
30 68 3519
30 69 6098
30 70 4089
30 71 5358
30 72 2290
30 73 4367
30 74 529
30 75 5066
30 76 6577
30 77 8065
30 78 4560
30 79 2110
30 80 5744
30 81 3276
30 82 6498
30 83 6508
30 84 2861
30 85 2360
30 86 1725
30 87 2639
30 88 5774
30 89 2443
30 90 5849
30 91 6109
30 92 7482
30 93 5767
30 94 4703
30 95 3292
30 96 5523
30 97 5324
30 98 6222
30 99 2295
31 32 5202
31 33 9337
31 34 6226
31 35 4623
31 36 4134
31 37 8183
31 38 11795
31 39 6392
31 40 3751
31 41 7535
31 42 9937
31 43 8780
31 44 8669
31 45 6043
31 46 7526
31 47 6782
31 48 7053
31 49 12328
31 50 5493
31 51 7538
31 52 4683
31 53 8471
31 54 11106
31 55 8915
31 56 11145
31 57 7961
31 58 8126
31 59 8000
31 60 7089
31 61 11649
31 62 4111
31 63 4445
31 64 4933
31 65 7739
31 66 3156
31 67 2475
31 68 10524
31 69 8880
31 70 11308
31 71 4794
31 72 9797
31 73 9089
31 74 8338
31 75 7532
31 76 2376
31 77 715
31 78 4161
31 79 9719
31 80 8074
31 81 9454
31 82 7730
31 83 2600
31 84 6175
31 85 9608
31 86 9681
31 87 9192
31 88 3100
31 89 9917
31 90 4202
31 91 8354
31 92 896
31 93 2874
31 94 7044
31 95 10160
31 96 9113
31 97 3236
31 98 7975
31 99 9819
32 33 8918
32 34 2001
32 35 6349
32 36 3435
32 37 4060
32 38 8895
32 39 5025
32 40 4653
32 41 2972
32 42 8125
32 43 4536
32 44 4436
32 45 6318
32 46 6435
32 47 7579
32 48 6597
32 49 9217
32 50 493
32 51 4299
32 52 1352
32 53 8414
32 54 8566
32 55 4882
32 56 8412
32 57 4655
32 58 4223
32 59 3955
32 60 2546
32 61 8688
32 62 1196
32 63 1295
32 64 6171
32 65 6942
32 66 4396
32 67 4509
32 68 8524
32 69 4321
32 70 8906
32 71 582
32 72 6466
32 73 4606
32 74 5481
32 75 2905
32 76 3051
32 77 5422
32 78 5152
32 79 6535
32 80 8432
32 81 7792
32 82 3371
32 83 5658
32 84 2979
32 85 7189
32 86 6556
32 87 5022
32 88 2387
32 89 7474
32 90 6472
32 91 3636
32 92 4316
32 93 2251
32 94 7465
32 95 6657
32 96 9322
32 97 2384
32 98 8913
32 99 6552
33 34 8027
33 35 5156
33 36 6294
33 37 8906
33 38 6733
33 39 4442
33 40 6177
33 41 9299
33 42 2505
33 43 7580
33 44 9341
33 45 3550
33 46 2555
33 47 3300
33 48 2864
33 49 6385
33 50 8954
33 51 6581
33 52 8170
33 53 932
33 54 5246
33 55 7325
33 56 6440
33 57 7324
33 58 7035
33 59 8260
33 60 9813
33 61 6061
33 62 8691
33 63 7907
33 64 4629
33 65 2358
33 66 6555
33 67 7195
33 68 4089
33 69 11107
33 70 5373
33 71 9226
33 72 5615
33 73 9258
33 74 4932
33 75 9824
33 76 8932
33 77 9293
33 78 5610
33 79 5388
33 80 2453
33 81 2648
33 82 10733
33 83 6690
33 84 6901
33 85 4287
33 86 5232
33 87 7322
33 88 8743
33 89 5032
33 90 5597
33 91 10955
33 92 9655
33 93 8564
33 94 2829
33 95 7245
33 96 1195
33 97 8416
33 98 2366
33 99 6056
34 35 6407
34 36 3538
34 37 2403
34 38 6958
34 39 4163
34 40 4937
34 41 2090
34 42 6664
34 43 3084
34 44 3266
34 45 5399
34 46 5519
34 47 7359
34 48 5586
34 49 7837
34 50 1600
34 51 2450
34 52 2037
34 53 7090
34 54 6891
34 55 3223
34 56 6285
34 57 2479
34 58 2407
34 59 2244
34 60 1965
34 61 7118
34 62 2639
34 63 1920
34 64 5899
34 65 5849
34 66 4967
34 67 5059
34 68 6558
34 69 3458
34 70 6736
34 71 1965
34 72 5097
34 73 3395
34 74 4158
34 75 2472
34 76 4126
34 77 6709
34 78 4780
34 79 5225
34 80 7703
34 81 6801
34 82 3147
34 83 6002
34 84 1056
34 85 5698
34 86 5218
34 87 3564
34 88 3269
34 89 5872
34 90 6592
34 91 3581
34 92 5685
34 93 3349
34 94 6803
34 95 4946
34 96 8145
34 97 3127
34 98 8524
34 99 4530
35 36 3123
35 37 8365
35 38 9824
35 39 3684
35 40 2071
35 41 8121
35 42 6307
35 43 7692
35 44 8785
35 45 2790
35 46 4043
35 47 2601
35 48 3878
35 49 9848
35 50 6303
35 51 6838
35 52 5637
35 53 4563
35 54 8409
35 55 8065
35 56 8868
35 57 7016
35 58 6857
35 59 7778
35 60 8210
35 61 9269
35 62 5362
35 63 5001
35 64 1097
35 65 4093
35 66 2001
35 67 2686
35 68 7345
35 69 9980
35 70 8872
35 71 6132
35 72 7410
35 73 9049
35 74 5981
35 75 8555
35 76 5214
35 77 3897
35 78 1644
35 79 7380
35 80 3651
35 81 5909
35 82 8950
35 83 1929
35 84 6019
35 85 6925
35 86 7447
35 87 7833
35 88 5008
35 89 7555
35 90 685
35 91 9603
35 92 4973
35 93 5133
35 94 2940
35 95 8947
35 96 4692
35 97 4907
35 98 3570
35 99 7915
36 37 5236
36 38 7864
36 39 2174
36 40 1544
36 41 5099
36 42 6061
36 43 4915
36 44 6089
36 45 2988
36 46 3507
36 47 4190
36 48 3875
36 49 8150
36 50 3355
36 51 4099
36 52 2582
36 53 5404
36 54 7422
36 55 5237
36 56 7189
36 57 4474
36 58 4621
36 59 4974
36 60 4989
36 61 7724
36 62 2788
36 63 2316
36 64 3078
36 65 3779
36 66 2037
36 67 2541
36 68 6285
36 69 6671
36 70 7336
36 71 3430
36 72 5839
36 73 6403
36 74 4272
36 75 5387
36 76 3488
36 77 4606
36 78 1844
36 79 5737
36 80 5491
36 81 5524
36 82 6297
36 83 3099
36 84 3209
36 85 5629
36 86 5282
36 87 5285
36 88 2563
36 89 6014
36 90 3128
36 91 6633
36 92 3982
36 93 3129
36 94 4074
36 95 6180
36 96 5949
36 97 2662
36 98 5512
36 99 5598
37 38 5666
37 39 5538
37 40 6748
37 41 1422
37 42 7346
37 43 1743
37 44 644
37 45 7047
37 46 6492
37 47 8660
37 48 7031
37 49 7020
37 50 3386
37 51 2341
37 52 3786
37 53 7976
37 54 6692
37 55 2310
37 56 5354
37 57 2316
37 58 2018
37 59 1103
37 60 2201
37 61 6047
37 62 4474
37 63 4447
37 64 7813
37 65 6982
37 66 6940
37 67 7288
37 68 6554
37 69 2358
37 70 6453
37 71 4024
37 72 4607
37 73 886
37 74 4196
37 75 1646
37 76 6689
37 77 8631
37 78 7083
37 79 4262
37 80 9363
37 81 6865
37 82 2725
37 83 7868
37 84 2890
37 85 5683
37 86 4625
37 87 2149
37 88 5375
37 89 5569
37 90 8171
37 91 2240
37 92 7925
37 93 5639
37 94 8079
37 95 3539
37 96 9213
37 97 5625
37 98 9702
37 99 3807
38 39 6390
38 40 9055
38 41 7265
38 42 4583
38 43 4222
38 44 5919
38 45 7435
38 46 6069
38 47 8546
38 48 6494
38 49 1183
38 50 8083
38 51 4799
38 52 8246
38 53 6605
38 54 2182
38 55 3782
38 56 747
38 57 4644
38 58 4823
38 59 5682
38 60 7711
38 61 1423
38 62 9131
38 63 8558
38 64 8716
38 65 5712
38 66 9242
38 67 10048
38 68 2765
38 69 7714
38 70 1748
38 71 8628
38 72 2407
38 73 5233
38 74 3869
38 75 7479
38 76 10310
38 77 11886
38 78 8959
38 79 2634
38 80 8285
38 81 4605
38 82 8409
38 83 10442
38 84 6341
38 85 3233
38 86 2890
38 87 3908
38 88 9412
38 89 2774
38 90 9960
38 91 7892
38 92 11789
38 93 9783
38 94 7745
38 95 2327
38 96 7677
38 97 9274
38 98 8935
38 99 2741
39 40 3214
39 41 5920
39 42 3687
39 43 4586
39 44 6109
39 45 1970
39 46 1659
39 47 3663
39 48 1793
39 49 6775
39 50 4778
39 51 3727
39 52 4430
39 53 3437
39 54 5355
39 55 4805
39 56 5660
39 57 3983
39 58 3883
39 59 5096
39 60 5933
39 61 6007
39 62 4485
39 63 3883
39 64 2888
39 65 2270
39 66 3440
39 67 4144
39 68 4784
39 69 7156
39 70 5725
39 71 4883
39 72 4147
39 73 6135
39 74 2841
39 75 6140
39 76 5343
39 77 6063
39 78 2810
39 79 4072
39 80 3870
39 81 3566
39 82 6957
39 83 4114
39 84 3524
39 85 3843
39 86 3719
39 87 5008
39 88 4591
39 89 4188
39 90 3982
39 91 7462
39 92 6309
39 93 5158
39 94 2928
39 95 5385
39 96 4360
39 97 4292
39 98 4501
39 99 4311
40 41 6540
40 42 6255
40 43 6577
40 44 7546
40 45 2658
40 46 4074
40 47 3665
40 48 3632
40 49 9461
40 50 4897
40 51 5398
40 52 4141
40 53 5287
40 54 8225
40 55 6849
40 56 8486
40 57 5824
40 58 5673
40 59 6677
40 60 6563
40 61 8705
40 62 3688
40 63 3358
40 64 1766
40 65 4539
40 66 446
40 67 1585
40 68 7355
40 69 8446
40 70 8235
40 71 4706
40 72 6848
40 73 7839
40 74 5364
40 75 6637
40 76 3530
40 77 3762
40 78 763
40 79 6804
40 80 4810
40 81 5944
40 82 7590
40 83 1523
40 84 4575
40 85 6324
40 86 6764
40 87 7029
40 88 3062
40 89 7050
40 90 1708
40 91 7993
40 92 3953
40 93 3214
40 94 3552
40 95 7795
40 96 5809
40 97 3085
40 98 4810
40 99 6867
41 42 8132
41 43 2795
41 44 1992
41 45 7388
41 46 7040
41 47 8879
41 48 7101
41 49 8173
41 50 2657
41 51 3127
41 52 3119
41 53 8621
41 54 7657
41 55 3582
41 56 6641
41 57 3355
41 58 2931
41 59 1933
41 60 634
41 61 7425
41 62 3903
41 63 3815
41 64 7505
41 65 7094
41 66 6704
41 67 6751
41 68 7636
41 69 1745
41 70 7557
41 71 3033
41 72 5390
41 73 2085
41 74 4869
41 75 590
41 76 5629
41 77 8182
41 78 6870
41 79 5497
41 80 9603
41 81 7887
41 82 1766
41 83 7371
41 84 2879
41 85 6906
41 86 5720
41 87 3392
41 88 4595
41 89 6613
41 90 8187
41 91 1855
41 92 6808
41 93 4914
41 94 8507
41 95 4912
41 96 9892
41 97 4798
41 98 9914
41 99 5068
42 43 5779
42 44 7762
42 45 3869
42 46 2775
42 47 4913
42 48 3008
42 49 4202
42 50 8020
42 51 5203
42 52 7271
42 53 2368
42 54 2523
42 55 5481
42 56 3925
42 57 5301
42 58 5645
42 59 6497
42 60 8592
42 61 3591
42 62 7870
42 63 7498
42 64 5521
42 65 2431
42 66 6638
42 67 7426
42 68 1662
42 69 9356
42 70 3148
42 71 7874
42 72 3456
42 73 7167
42 74 3017
42 75 8254
42 76 9118
42 77 9874
42 78 6197
42 79 3318
42 80 4485
42 81 886
42 82 9639
42 83 7771
42 84 5930
42 85 1883
42 86 2882
42 87 5618
42 88 8445
42 89 2295
42 90 6822
42 91 9286
42 92 9813
42 93 8584
42 94 4181
42 95 5203
42 96 3314
42 97 8046
42 98 4847
42 99 3750
43 44 2170
43 45 5840
43 46 5378
43 47 7926
43 48 5748
43 49 5326
43 50 4273
43 51 1190
43 52 4433
43 53 6738
43 54 5217
43 55 478
43 56 3860
43 57 536
43 58 649
43 59 1420
43 60 3249
43 61 4758
43 62 5238
43 63 4567
43 64 7016
43 65 5467
43 66 6689
43 67 7327
43 68 4798
43 69 3632
43 70 4769
43 71 4485
43 72 2774
43 73 2211
43 74 2896
43 75 3143
43 76 6717
43 77 9050
43 78 6108
43 79 2775
43 80 8168
43 81 5757
43 82 4286
43 83 7453
43 84 2242
43 85 4299
43 86 3022
43 87 886
43 88 5686
43 89 3960
43 90 7949
43 91 3967
43 92 8158
43 93 6175
43 94 7205
43 95 2068
43 96 7781
43 97 5654
43 98 8609
43 99 2599
44 45 7765
44 46 7540
44 47 9696
44 48 7392
44 49 6862
44 50 3905
44 51 3208
44 52 4547
44 53 8996
44 54 7124
44 55 2577
44 56 5660
44 57 2481
44 58 2657
44 59 1636
44 60 1963
44 61 6372
44 62 5213
44 63 4862
44 64 8695
44 65 7617
44 66 7748
44 67 7907
44 68 6808
44 69 1756
44 70 6760
44 71 4203
44 72 4869
44 73 871
44 74 4663
44 75 1630
44 76 7076
44 77 9475
44 78 7558
44 79 5063
44 80 10098
44 81 7605
44 82 2967
44 83 8420
44 84 3183
44 85 6412
44 86 5438
44 87 2880
44 88 6115
44 89 5990
44 90 8834
44 91 2021
44 92 8367
44 93 6450
44 94 8984
44 95 4003
44 96 10089
44 97 6192
44 98 10280
44 99 4343
45 46 1641
45 47 1977
45 48 1691
45 49 7297
45 50 5946
45 51 5105
45 52 5100
45 53 3005
45 54 5973
45 55 6395
45 56 6635
45 57 5690
45 58 5543
45 59 6543
45 60 7552
45 61 6951
45 62 5591
45 63 4975
45 64 1863
45 65 1997
45 66 3437
45 67 4153
45 68 5190
45 69 8785
45 70 6385
45 71 6075
45 72 5190
45 73 7385
45 74 4296
45 75 7299
45 76 5951
45 77 5925
45 78 2269
45 79 5352
45 80 2500
45 81 3600
45 82 8704
45 83 4017
45 84 4642
45 85 4540
45 86 4821
45 87 6087
45 88 5202
45 89 5143
45 90 2883
45 91 8859
45 92 6200
45 93 5595
45 94 1396
45 95 6771
45 96 3057
45 97 5185
45 98 3274
45 99 5440
46 47 2881
46 48 521
46 49 6389
46 50 6433
46 51 4266
46 52 5916
46 53 2047
46 54 4482
46 55 5558
46 56 5441
46 57 5071
46 58 4849
46 59 5923
46 60 7229
46 61 5138
46 62 6038
46 63 5766
46 64 3397
46 65 514
46 66 4215
46 67 4955
46 68 3997
46 69 8736
46 70 5125
46 71 6513
46 72 4375
46 73 7166
46 74 2939
46 75 7418
46 76 6968
46 77 7096
46 78 3722
46 79 4026
46 80 2796
46 81 2430
46 82 8306
46 83 5146
46 84 4864
46 85 3108
46 86 3780
46 87 5536
46 88 5986
46 89 3629
46 90 4423
46 91 8577
46 92 7444
46 93 6600
46 94 2208
46 95 5555
46 96 3137
46 97 6027
46 98 3505
46 99 4441
47 48 2801
47 49 8687
47 50 7524
47 51 6802
47 52 6875
47 53 2683
47 54 7280
47 55 7736
47 56 7831
47 57 7197
47 58 7263
47 59 8446
47 60 9083
47 61 7980
47 62 6947
47 63 6491
47 64 1888
47 65 3039
47 66 4089
47 67 4597
47 68 6358
47 69 10563
47 70 7370
47 71 7420
47 72 6771
47 73 9547
47 74 5819
47 75 9465
47 76 6889
47 77 6264
47 78 3288
47 79 6831
47 80 1545
47 81 4483
47 82 10313
47 83 4012
47 84 6666
47 85 5547
47 86 6311
47 87 8032
47 88 6521
47 89 6496
47 90 2891
47 91 10171
47 92 7204
47 93 6568
47 94 1229
47 95 8309
47 96 2369
47 97 6511
47 98 1820
47 99 7354
48 49 6618
48 50 6343
48 51 4574
48 52 5870
48 53 1873
48 54 4774
48 55 5874
48 56 5623
48 57 5295
48 58 5251
48 59 6357
48 60 7643
48 61 5666
48 62 6156
48 63 5554
48 64 2793
48 65 731
48 66 4317
48 67 4846
48 68 3865
48 69 8642
48 70 5351
48 71 6499
48 72 4423
48 73 7327
48 74 3440
48 75 7304
48 76 6856
48 77 7205
48 78 3264
48 79 4329
48 80 2706
48 81 2619
48 82 8697
48 83 5059
48 84 5008
48 85 3248
48 86 3969
48 87 5581
48 88 6139
48 89 4145
48 90 4361
48 91 8626
48 92 7433
48 93 6248
48 94 1574
48 95 6052
48 96 2611
48 97 5926
48 98 3156
48 99 5087
49 50 9317
49 51 5484
49 52 9170
49 53 6143
49 54 1862
49 55 5050
49 56 1419
49 57 5436
49 58 5339
49 59 6447
49 60 8368
49 61 891
49 62 9714
49 63 8808
49 64 9247
49 65 6054
49 66 9611
49 67 10552
49 68 2537
49 69 8266
49 70 1220
49 71 9140
49 72 3147
49 73 6630
49 74 4228
49 75 8091
49 76 11303
49 77 12545
49 78 8868
49 79 2852
49 80 8281
49 81 4628
49 82 9696
49 83 10493
49 84 7027
49 85 3359
49 86 3050
49 87 4765
49 88 10329
49 89 2838
49 90 10445
49 91 8676
49 92 12146
49 93 10460
49 94 7749
49 95 3563
49 96 7659
49 97 9864
49 98 8718
49 99 3402
50 51 3878
50 52 1342
50 53 8308
50 54 8608
50 55 4600
50 56 7923
50 57 4113
50 58 4001
50 59 3261
50 60 2100
50 61 8428
50 62 1698
50 63 1535
50 64 6025
50 65 6933
50 66 4661
50 67 4809
50 68 8177
50 69 4170
50 70 8467
50 71 501
50 72 6382
50 73 4376
50 74 5082
50 75 2643
50 76 3423
50 77 5612
50 78 4907
50 79 6263
50 80 8336
50 81 7883
50 82 2962
50 83 5494
50 84 2669
50 85 6849
50 86 6407
50 87 4798
50 88 2571
50 89 7099
50 90 6447
50 91 3633
50 92 4939
50 93 2585
50 94 7230
50 95 6220
50 96 9024
50 97 2548
50 98 9042
50 99 6098
51 52 3827
51 53 5933
51 54 4935
51 55 1814
51 56 4116
51 57 856
51 58 945
51 59 1694
51 60 3772
51 61 4922
51 62 4180
51 63 3867
51 64 6219
51 65 4797
51 66 5734
51 67 6312
51 68 4462
51 69 4671
51 70 4659
51 71 4282
51 72 2502
51 73 2752
51 74 1767
51 75 3627
51 76 6269
51 77 7739
51 78 5244
51 79 2767
51 80 7205
51 81 4712
51 82 4871
51 83 6589
51 84 1494
51 85 3770
51 86 3171
51 87 1803
51 88 5271
51 89 3552
51 90 6994
51 91 4310
51 92 7587
51 93 5665
51 94 5952
51 95 3031
51 96 7221
51 97 4935
51 98 7703
51 99 2540
52 53 7340
52 54 8433
52 55 4779
52 56 7835
52 57 4037
52 58 3704
52 59 3675
52 60 3108
52 61 8054
52 62 963
52 63 476
52 64 5406
52 65 5918
52 66 3556
52 67 4077
52 68 7840
52 69 4723
52 70 8013
52 71 1251
52 72 5948
52 73 5109
52 74 4791
52 75 3662
52 76 2759
52 77 5010
52 78 4083
52 79 6056
52 80 7707
52 81 7184
52 82 3996
52 83 4675
52 84 2462
52 85 6597
52 86 6364
52 87 5032
52 88 1946
52 89 6797
52 90 5290
52 91 4422
52 92 4121
52 93 2076
52 94 6669
52 95 6059
52 96 8073
52 97 1990
52 98 7897
52 99 5842
53 54 4956
53 55 6885
53 56 5719
53 57 6504
53 58 6555
53 59 7553
53 60 9017
53 61 5694
53 62 7853
53 63 7113
53 64 4182
53 65 1653
53 66 5863
53 67 6198
53 68 4025
53 69 10248
53 70 5301
53 71 8409
53 72 5149
53 73 8642
53 74 4357
53 75 9251
53 76 8198
53 77 8262
53 78 4630
53 79 4997
53 80 2284
53 81 2244
53 82 10150
53 83 6369
53 84 6502
53 85 3675
53 86 4444
53 87 6612
53 88 7835
53 89 4288
53 90 5329
53 91 9930
53 92 8989
53 93 7848
53 94 2001
53 95 6926
53 96 1557
53 97 7606
53 98 2802
53 99 5392
54 55 4711
54 56 1711
54 57 4744
54 58 5167
54 59 6019
54 60 8212
54 61 1147
54 62 8799
54 63 8258
54 64 7706
54 65 4531
54 66 8493
54 67 9110
54 68 1043
54 69 8712
54 70 637
54 71 8602
54 72 2473
54 73 6590
54 74 3695
54 75 7998
54 76 10217
54 77 11479
54 78 7715
54 79 2385
54 80 6869
54 81 3092
54 82 9051
54 83 9475
54 84 6113
54 85 2168
54 86 2495
54 87 4768
54 88 9306
54 89 1643
54 90 9104
54 91 8712
54 92 11198
54 93 9765
54 94 6164
54 95 3424
54 96 6069
54 97 9388
54 98 7016
54 99 2868
55 56 3879
55 57 1219
55 58 1126
55 59 1928
55 60 3908
55 61 4071
55 62 5430
55 63 5061
55 64 7084
55 65 5531
55 66 6714
55 67 7579
55 68 4556
55 69 4254
55 70 4391
55 71 5127
55 72 2353
55 73 1879
55 74 2631
55 75 3662
55 76 7086
55 77 9502
55 78 6793
55 79 2516
55 80 8336
55 81 5573
55 82 5067
55 83 8189
55 84 2704
55 85 3831
55 86 3112
55 87 158
55 88 6513
55 89 3724
55 90 8161
55 91 4337
55 92 8532
55 93 6526
55 94 6975
55 95 1683
55 96 8197
55 97 6038
55 98 8866
55 99 2140
56 57 4194
56 58 4128
56 59 5229
56 60 7219
56 61 1163
56 62 8354
56 63 7726
56 64 8032
56 65 5527
56 66 8902
56 67 9263
56 68 2651
56 69 7074
56 70 1292
56 71 8091
56 72 1889
56 73 5194
56 74 3280
56 75 7044
56 76 10109
56 77 11676
56 78 8129
56 79 1844
56 80 7680
56 81 4111
56 82 8228
56 83 9509
56 84 5507
56 85 2446
56 86 2154
56 87 3483
56 88 9310
56 89 2027
56 90 9555
56 91 7692
56 92 11211
56 93 9318
56 94 7284
56 95 2553
56 96 7279
56 97 8822
56 98 8098
56 99 1809
57 58 643
57 59 1687
57 60 3420
57 61 4866
57 62 4821
57 63 4510
57 64 6554
57 65 5005
57 66 6351
57 67 6493
57 68 4594
57 69 3977
57 70 4801
57 71 4240
57 72 2594
57 73 2216
57 74 2074
57 75 3545
57 76 6601
57 77 8547
57 78 5690
57 79 2821
57 80 7772
57 81 4943
57 82 4621
57 83 7353
57 84 2052
57 85 3644
57 86 2800
57 87 1418
57 88 5838
57 89 3632
57 90 7293
57 91 4118
57 92 7637
57 93 6022
57 94 6606
57 95 2290
57 96 7651
57 97 5304
57 98 8135
57 99 2415
58 59 1616
58 60 3353
58 61 5088
58 62 4713
58 63 3977
58 64 6567
58 65 4865
58 66 6002
58 67 6442
58 68 5028
58 69 4012
58 70 5055
58 71 4225
58 72 2757
58 73 2520
58 74 2174
58 75 2955
58 76 6250
58 77 8550
58 78 5670
58 79 2908
58 80 7778
58 81 5296
58 82 4528
58 83 6949
58 84 1716
58 85 4259
58 86 3096
58 87 1383
58 88 5498
58 89 3963
58 90 7262
58 91 4206
58 92 7488
58 93 5649
58 94 6665
58 95 2794
58 96 7429
58 97 5455
58 98 8025
58 99 2620
59 60 2651
59 61 5612
59 62 4229
59 63 4041
59 64 7241
59 65 6306
59 66 6739
59 67 7028
59 68 6077
59 69 2919
59 70 6026
59 71 4066
59 72 3754
59 73 1245
59 74 3507
59 75 1890
59 76 6473
59 77 8673
59 78 6309
59 79 4097
59 80 8575
59 81 6429
59 82 3541
59 83 7738
59 84 2434
59 85 5349
59 86 4437
59 87 1701
59 88 5390
59 89 4660
59 90 7958
59 91 2770
59 92 7791
59 93 5708
59 94 7805
59 95 2970
59 96 8850
59 97 5442
59 98 8990
59 99 3309
60 61 8022
60 62 3429
60 63 3720
60 64 7874
60 65 7420
60 66 6765
60 67 6802
60 68 8122
60 69 1974
60 70 7933
60 71 2884
60 72 6078
60 73 2849
60 74 5603
60 75 929
60 76 5401
60 77 7906
60 78 6662
60 79 6036
60 80 10055
60 81 8127
60 82 1308
60 83 7474
60 84 3199
60 85 7068
60 86 6319
60 87 4048
60 88 4721
60 89 7102
60 90 8023
60 91 1399
60 92 6889
60 93 4446
60 94 8678
60 95 5244
60 96 10021
60 97 4487
60 98 10174
60 99 5824
61 62 8771
61 63 8249
61 64 8129
61 65 5044
61 66 8929
61 67 9534
61 68 2221
61 69 7769
61 70 659
61 71 8848
61 72 2218
61 73 6146
61 74 3392
61 75 7644
61 76 10448
61 77 11807
61 78 8034
61 79 2379
61 80 7669
61 81 3923
61 82 8940
61 83 9705
61 84 6081
61 85 2302
61 86 2256
61 87 4238
61 88 9508
61 89 1969
61 90 9449
61 91 8423
61 92 11444
61 93 9535
61 94 6847
61 95 2942
61 96 6760
61 97 9316
61 98 8047
61 99 2793
62 63 995
62 64 5552
62 65 6302
62 66 3742
62 67 3520
62 68 8364
62 69 5191
62 70 8925
62 71 1226
62 72 6541
62 73 5161
62 74 5509
62 75 3671
62 76 2223
62 77 4606
62 78 4259
62 79 6794
62 80 7961
62 81 7498
62 82 4079
62 83 4656
62 84 2888
62 85 7259
62 86 6791
62 87 5741
62 88 1453
62 89 7157
62 90 5209
62 91 4778
62 92 3461
62 93 1681
62 94 6498
62 95 6751
62 96 8811
62 97 1278
62 98 8249
62 99 6662
63 64 5085
63 65 5932
63 66 3295
63 67 3550
63 68 7711
63 69 5165
63 70 8041
63 71 1212
63 72 6168
63 73 5070
63 74 5098
63 75 3819
63 76 2622
63 77 4606
63 78 3600
63 79 6435
63 80 7423
63 81 7246
63 82 4064
63 83 4142
63 84 2601
63 85 6876
63 86 6261
63 87 5439
63 88 1466
63 89 6770
63 90 5015
63 91 4809
63 92 3709
63 93 1825
63 94 6306
63 95 6277
63 96 7863
63 97 1354
63 98 7935
63 99 5956
64 65 3601
64 66 2279
64 67 3015
64 68 6940
64 69 9285
64 70 7835
64 71 6266
64 72 6947
64 73 8542
64 74 5540
64 75 8155
64 76 4932
64 77 4787
64 78 1753
64 79 6779
64 80 3192
64 81 5106
64 82 8984
64 83 2588
64 84 5547
64 85 6153
64 86 6725
64 87 7320
64 88 5107
64 89 6670
64 90 1541
64 91 9259
64 92 5363
64 93 4997
64 94 2062
64 95 7877
64 96 4300
64 97 4670
64 98 3495
64 99 6995
65 66 4686
65 67 5447
65 68 3757
65 69 8878
65 70 4962
65 71 6794
65 72 4135
65 73 7252
65 74 3406
65 75 7364
65 76 7009
65 77 7782
65 78 3928
65 79 4270
65 80 2779
65 81 2181
65 82 8678
65 83 5452
65 84 4854
65 85 3050
65 86 3719
65 87 5535
65 88 6730
65 89 3383
65 90 4738
65 91 8449
65 92 7565
65 93 6518
65 94 2207
65 95 5796
65 96 2573
65 97 6180
65 98 3329
65 99 4322
66 67 912
66 68 7507
66 69 7952
66 70 8860
66 71 4233
66 72 6904
66 73 7481
66 74 5754
66 75 6719
66 76 3426
66 77 3154
66 78 862
66 79 7042
66 80 4885
66 81 6334
66 82 7484
66 83 1533
66 84 4554
66 85 6605
66 86 6733
66 87 7115
66 88 2818
66 89 7242
66 90 2082
66 91 7980
66 92 3483
66 93 3211
66 94 4225
66 95 8024
66 96 6099
66 97 2934
66 98 5153
66 99 7234
67 68 8471
67 69 8450
67 70 9578
67 71 4480
67 72 7619
67 73 8177
67 74 6459
67 75 7105
67 76 2906
67 77 2587
67 78 1672
67 79 7644
67 80 5926
67 81 6969
67 82 7757
67 83 959
67 84 5075
67 85 7565
67 86 7832
67 87 7684
67 88 2992
67 89 8074
67 90 2283
67 91 8126
67 92 2692
67 93 2845
67 94 4508
67 95 8533
67 96 6857
67 97 2861
67 98 5748
67 99 7630
68 69 8538
68 70 1633
68 71 8368
68 72 2262
68 73 6353
68 74 2832
68 75 7710
68 76 9420
68 77 10525
68 78 6900
68 79 2355
68 80 5733
68 81 2280
68 82 9220
68 83 8651
68 84 5737
68 85 1459
68 86 1785
68 87 4800
68 88 8878
68 89 1463
68 90 7997
68 91 8915
68 92 10453
68 93 9063
68 94 5273
68 95 3797
68 96 5064
68 97 8309
68 98 6298
68 99 2722
69 70 8379
69 71 4509
69 72 6382
69 73 2149
69 74 6350
69 75 1544
69 76 7013
69 77 9720
69 78 8375
69 79 6385
69 80 10865
69 81 8919
69 82 2056
69 83 8950
69 84 4335
69 85 7545
69 86 6918
69 87 4259
69 88 6124
69 89 7595
69 90 9551
69 91 881
69 92 8443
69 93 6472
69 94 9757
69 95 5386
69 96 11167
69 97 6123
69 98 11425
69 99 5948
70 71 8450
70 72 2523
70 73 6107
70 74 3442
70 75 7525
70 76 10331
70 77 11357
70 78 7899
70 79 2173
70 80 7206
70 81 3576
70 82 8975
70 83 9490
70 84 6082
70 85 2422
70 86 1956
70 87 4486
70 88 9273
70 89 1930
70 90 9286
70 91 8405
70 92 11430
70 93 9475
70 94 6886
70 95 3373
70 96 6230
70 97 9352
70 98 7626
70 99 2500
71 72 6773
71 73 4738
71 74 5389
71 75 3131
71 76 2917
71 77 5269
71 78 4819
71 79 6672
71 80 8588
71 81 7687
71 82 3422
71 83 5122
71 84 2910
71 85 7084
71 86 6901
71 87 5330
71 88 2134
71 89 7059
71 90 5962
71 91 3871
71 92 4156
71 93 2041
71 94 7103
71 95 6290
71 96 9077
71 97 2170
71 98 9104
71 99 6489
72 73 4355
72 74 1474
72 75 5995
72 76 8268
72 77 9684
72 78 6363
72 79 180
72 80 6880
72 81 3642
72 82 7031
72 83 8052
72 84 3878
72 85 1649
72 86 969
72 87 2671
72 88 7396
72 89 1147
72 90 7595
72 91 6485
72 92 9268
72 93 7483
72 94 6117
72 95 1692
72 96 6429
72 97 7362
72 98 7511
72 99 751
73 74 4601
73 75 2221
73 76 7130
73 77 9604
73 78 7771
73 79 4627
73 80 9551
73 81 7061
73 82 3518
73 83 8599
73 84 3261
73 85 6104
73 86 4751
73 87 2266
73 88 6301
73 89 5260
73 90 8996
73 91 2495
73 92 8794
73 93 6819
73 94 8510
73 95 3389
73 96 9665
73 97 6457
73 98 10464
73 99 3890
74 75 5211
74 76 7217
74 77 8591
74 78 5066
74 79 1835
74 80 5728
74 81 2942
74 82 6415
74 83 6835
74 84 2825
74 85 1851
74 86 1456
74 87 2685
74 88 6125
74 89 2158
74 90 6469
74 91 6254
74 92 7831
74 93 6128
74 94 4647
74 95 3002
74 96 5552
74 97 5943
74 98 6367
74 99 1823
75 76 5459
75 77 8100
75 78 6876
75 79 5572
75 80 9870
75 81 7890
75 82 1663
75 83 7572
75 84 3194
75 85 6931
75 86 5978
75 87 3810
75 88 4698
75 89 6606
75 90 8143
75 91 1614
75 92 7130
75 93 5248
75 94 8589
75 95 4952
75 96 10267
75 97 5036
75 98 10191
75 99 5211
76 77 2731
76 78 4115
76 79 8261
76 80 8074
76 81 8562
76 82 5885
76 83 3784
76 84 4709
76 85 8556
76 86 8165
76 87 7151
76 88 1340
76 89 8597
76 90 4865
76 91 6327
76 92 1546
76 93 1188
76 94 6764
76 95 8605
76 96 8820
76 97 1316
76 98 8144
76 99 8168
77 78 3914
77 79 9886
77 80 7420
77 81 9016
77 82 8368
77 83 2608
77 84 6486
77 85 9361
77 86 9844
77 87 9465
77 88 3675
77 89 10135
77 90 3878
77 91 8855
77 92 1717
77 93 3650
77 94 6694
77 95 10490
77 96 8664
77 97 3650
77 98 7846
77 99 9683
78 79 6491
78 80 4393
78 81 5419
78 82 7664
78 83 1919
78 84 4679
78 85 5942
78 86 6052
78 87 6672
78 88 3853
78 89 6389
78 90 1595
78 91 8192
78 92 4016
78 93 3685
78 94 2984
78 95 7718
78 96 4970
78 97 3464
78 98 4435
78 99 6901
79 80 6845
79 81 3467
79 82 6859
79 83 7969
79 84 3926
79 85 1829
79 86 660
79 87 2301
79 88 7543
79 89 1149
79 90 8085
79 91 6784
79 92 9270
79 93 7518
79 94 6141
79 95 1799
79 96 6270
79 97 7453
79 98 7536
79 99 752
80 81 3945
80 82 10934
80 83 5257
80 84 7052
80 85 5611
80 86 6565
80 87 7931
80 88 7815
80 89 6020
80 90 4183
80 91 10828
80 92 8273
80 93 7910
80 94 1439
80 95 8149
80 96 1680
80 97 7465
80 98 721
80 99 7072
81 82 9440
81 83 7263
81 84 5665
81 85 1700
81 86 3022
81 87 5385
81 88 7729
81 89 2448
81 90 6486
81 91 9026
81 92 9557
81 93 8032
81 94 3539
81 95 4994
81 96 3373
81 97 7705
81 98 4309
81 99 4166
82 83 8334
82 84 3980
82 85 8384
82 86 7191
82 87 4887
82 88 4906
82 89 8174
82 90 9064
82 91 1206
82 92 7162
82 93 5202
82 94 9877
82 95 6365
82 96 11059
82 97 5407
82 98 11239
82 99 6695
83 84 5638
83 85 7543
83 86 8121
83 87 8365
83 88 3533
83 89 8058
83 90 1699
83 91 9069
83 92 3253
83 93 3510
83 94 4181
83 95 8972
83 96 6096
83 97 3500
83 98 5470
83 99 8280
84 85 4618
84 86 4119
84 87 2863
84 88 4042
84 89 4762
84 90 6147
84 91 3964
84 92 5805
84 93 3893
84 94 5724
84 95 4073
84 96 7169
84 97 3445
84 98 7749
84 99 3722
85 86 1175
85 87 4061
85 88 7844
85 89 741
85 90 7284
85 91 7718
85 92 9284
85 93 7829
85 94 4934
85 95 3544
85 96 4796
85 97 7319
85 98 5939
85 99 2523
86 87 2844
86 88 7603
86 89 713
86 90 7669
86 91 6847
86 92 9389
86 93 7631
86 94 5466
86 95 2323
86 96 5811
86 97 7278
86 98 7011
86 99 1343
87 88 6624
87 89 3440
87 90 8189
87 91 4314
87 92 8716
87 93 6883
87 94 7080
87 95 1664
87 96 7729
87 97 6512
87 98 8780
87 99 2112
88 89 7752
88 90 4701
88 91 5784
88 92 2455
88 93 677
88 94 6558
88 95 7783
88 96 8617
88 97 224
88 98 7899
88 99 7524
89 90 7509
89 91 7344
89 92 9952
89 93 8183
89 94 5398
89 95 2863
89 96 5510
89 97 7919
89 98 6599
89 99 1709
90 91 9668
90 92 4507
90 93 4559
90 94 3619
90 95 8796
90 96 5416
90 97 4514
90 98 4107
90 99 8167
91 92 7831
91 93 6030
91 94 9756
91 95 5800
91 96 11350
91 97 5641
91 98 11276
91 99 6312
92 93 2289
92 94 6869
92 95 10016
92 96 9182
92 97 2411
92 98 8296
92 99 9377
93 94 6397
93 95 7804
93 96 8430
93 97 702
93 98 8268
93 99 7453
94 95 7428
94 96 2177
94 97 6333
94 98 2175
94 99 6588
95 96 7896
95 97 7506
95 98 8823
95 99 1235
96 97 8010
96 98 1490
96 99 6676
97 98 7573
97 99 6972
98 99 7969
