# --------- Instancia para o programa mo420-network-design.e  ---------
# Gerado por ../bin/mo420-network-design-gera-entrada.e 5 100 1000 100 800 10
# --------- Cabecalho com dados gerais ---------
nnodes nedges capacity gamma
100 4950 1000 10
# --------- Dados referentes aos vertices ---------
nodename posx posy weight
0 4027 5022 373
1 8028 4813 310
2 7212 8778 669
3 9347 1539 697
4 4627 8093 248
5 5971 4306 330
6 3632 1296 584
7 1742 8360 264
8 3646 1096 543
9 2560 4609 369
10 2453 4048 403
11 5376 2007 418
12 8913 6877 433
13 2945 5686 197
14 4332 1091 660
15 687 1235 384
16 9260 5399 316
17 5016 9338 504
18 3701 8683 515
19 1545 5813 234
20 1663 3817 374
21 8676 4032 704
22 223 9627 405
23 5486 6074 200
24 6771 3279 153
25 2585 9367 630
26 2777 4667 502
27 5874 1109 269
28 4725 8316 795
29 6433 8523 116
30 1654 7818 735
31 5502 1280 630
32 3316 2530 491
33 1898 2797 682
34 2074 7682 112
35 5202 8715 692
36 9827 6495 352
37 1002 5465 135
38 555 1767 105
39 4658 5743 669
40 3610 4058 625
41 7401 3120 261
42 2926 6154 496
43 4969 1726 687
44 9006 983 211
45 3910 4096 355
46 91 5986 208
47 2715 8753 105
48 6690 2244 206
49 9061 7064 634
50 3821 2945 125
51 2129 5593 150
52 5403 7832 510
53 2743 5604 709
54 2164 6714 660
55 1722 5358 744
56 8896 4304 378
57 427 7855 649
58 2924 6790 709
59 737 5535 484
60 2744 2640 666
61 1737 9846 715
62 1086 2895 180
63 2171 6917 490
64 7312 6133 184
65 3548 3109 146
66 3875 9657 233
67 5802 8577 375
68 8828 9536 472
69 10 2295 313
70 742 5944 548
71 5808 9359 688
72 3679 1564 161
73 2627 9722 779
74 4696 3886 272
75 4409 5767 745
76 8532 1695 629
77 1565 8629 631
78 7427 1051 681
79 3369 3064 680
80 6307 7331 578
81 5803 3849 224
82 5014 625 507
83 3160 8582 727
84 6983 2333 331
85 7923 6506 123
86 3359 6381 286
87 8466 8535 402
88 2623 3425 646
89 3109 6656 619
90 8634 4628 712
91 3322 7924 650
92 2410 175 433
93 3898 1630 727
94 6822 2669 482
95 6139 7238 655
96 4865 8591 340
97 6300 6402 600
98 2515 3914 400
99 8396 7508 194
# --------- Dados referentes aas arestas ---------
endpoint1 endpoint2 distance
0 1 4157
0 2 5289
0 3 6603
0 4 3550
0 5 2437
0 6 3999
0 7 4420
0 8 4078
0 9 2015
0 10 1935
0 11 3426
0 12 5527
0 13 1637
0 14 4055
0 15 5286
0 16 5369
0 17 4470
0 18 3944
0 19 3014
0 20 2880
0 21 4950
0 22 6063
0 23 2051
0 24 3292
0 25 4742
0 26 1773
0 27 4493
0 28 3795
0 29 4345
0 30 3684
0 31 4204
0 32 3025
0 33 3570
0 34 3596
0 35 4266
0 36 6244
0 37 3274
0 38 5225
0 39 980
0 40 1478
0 41 4357
0 42 1881
0 43 3527
0 44 6870
0 45 1235
0 46 4316
0 47 4297
0 48 3918
0 49 5688
0 50 2355
0 51 2098
0 52 3288
0 53 1798
0 54 3006
0 55 2391
0 56 5274
0 57 5079
0 58 2568
0 59 3552
0 60 2975
0 61 5423
0 62 3719
0 63 3130
0 64 3619
0 65 2278
0 66 4675
0 67 4407
0 68 7054
0 69 5100
0 70 3860
0 71 5000
0 72 3830
0 73 5041
0 74 1446
0 75 961
0 76 5806
0 77 4526
0 78 5349
0 79 2247
0 80 3517
0 81 2475
0 82 4988
0 83 3909
0 84 4073
0 85 4217
0 86 2000
0 87 5918
0 88 2365
0 89 2226
0 90 4687
0 91 3331
0 92 5335
0 93 3441
0 94 4119
0 95 3163
0 96 3816
0 97 2837
0 98 2285
0 99 5221
1 2 4091
1 3 3722
1 4 4801
1 5 2293
1 6 6104
1 7 7689
1 8 6245
1 9 5841
1 10 5967
1 11 4292
1 12 2576
1 13 5572
1 14 5520
1 15 8605
1 16 1551
1 17 5695
1 18 6067
1 19 6865
1 20 6561
1 21 1453
1 22 9268
1 23 3044
1 24 2480
1 25 7190
1 26 5725
1 27 4447
1 28 5142
1 29 4467
1 30 7339
1 31 4404
1 32 5366
1 33 6752
1 34 6629
1 35 5034
1 36 2503
1 37 7086
1 38 8418
1 39 3834
1 40 4902
1 41 2003
1 42 5694
1 43 4377
1 44 4267
1 45 4433
1 46 8349
1 47 6940
1 48 3082
1 49 2655
1 50 4957
1 51 6029
1 52 4377
1 53 5724
1 54 6506
1 55 6448
1 56 1249
1 57 8594
1 58 5617
1 59 7467
1 60 5986
1 61 8086
1 62 7603
1 63 6526
1 64 1623
1 65 5126
1 66 6594
1 67 4466
1 68 4857
1 69 8605
1 70 7499
1 71 5282
1 72 5467
1 73 7710
1 74 3789
1 75 4190
1 76 3393
1 77 7623
1 78 4028
1 79 5424
1 80 3509
1 81 2637
1 82 5649
1 83 6559
1 84 2722
1 85 2079
1 86 4945
1 87 3870
1 88 5707
1 89 5457
1 90 840
1 91 5732
1 92 7697
1 93 5671
1 94 2722
1 95 3199
1 96 5308
1 97 2412
1 98 5991
1 99 3118
2 3 7722
2 4 2988
2 5 4913
2 6 8414
2 7 5569
2 8 8739
2 9 6379
2 10 6765
2 11 7216
2 12 2977
2 13 5572
2 14 8319
2 15 10089
2 16 4426
2 17 2712
2 18 3700
2 19 6655
2 20 7630
2 21 5195
2 22 7151
2 23 3482
2 24 5915
2 25 5023
2 26 6460
2 27 7993
2 28 2696
2 29 1186
2 30 5795
2 31 7856
2 32 7859
2 33 8432
2 34 5577
2 35 2231
2 36 3865
2 37 7161
2 38 10122
2 39 3967
2 40 6167
2 41 5742
2 42 5153
2 43 7657
2 44 8060
2 45 6197
2 46 8062
2 47 4779
2 48 6865
2 49 2600
2 50 6758
2 51 6249
2 52 2254
2 53 5672
2 54 5870
2 55 6929
2 56 5164
2 57 6931
2 58 5026
2 59 7389
2 60 7957
2 61 5990
2 62 8674
2 63 5870
2 64 3006
2 65 6838
2 66 3810
2 67 1447
2 68 1800
2 69 9891
2 70 7458
2 71 1775
2 72 8351
2 73 4741
2 74 5940
2 75 4481
2 76 7492
2 77 5731
2 78 7785
2 79 7104
2 80 1738
2 81 5143
2 82 8563
2 83 4459
2 84 6693
2 85 2451
2 86 5027
2 87 1407
2 88 7537
2 89 5012
2 90 4434
2 91 4084
2 92 9893
2 93 8027
2 94 6247
2 95 2196
2 96 2602
2 97 2736
2 98 7068
2 99 1800
3 4 8336
3 5 4797
3 6 5904
3 7 10271
3 8 6144
3 9 7754
3 10 7831
3 11 4352
3 12 5475
3 13 8049
3 14 5154
3 15 8788
3 16 4233
3 17 9090
3 18 9291
3 19 9052
3 20 8289
3 21 2630
3 22 12271
3 23 6218
3 24 3325
3 25 10543
3 26 7546
3 27 3697
3 28 8511
3 29 7974
3 30 10155
3 31 4304
3 32 6278
3 33 7637
3 34 9789
3 35 8646
3 36 5017
3 37 9250
3 38 9282
3 39 6695
3 40 6682
3 41 2563
3 42 8346
3 43 4758
3 44 996
3 45 6052
3 46 10305
3 47 9823
3 48 2907
3 49 5613
3 50 5992
3 51 8400
3 52 7752
3 53 8129
3 54 8991
3 55 8732
3 56 3131
3 57 11246
3 58 8501
3 59 9920
3 60 6778
3 61 11765
3 62 8513
3 63 9438
3 64 5211
3 65 6327
3 66 10056
3 67 7966
3 68 8335
3 69 9562
3 70 9816
3 71 8590
3 72 5959
3 73 10653
3 74 5340
3 75 6795
3 76 996
3 77 10561
3 78 2195
3 79 6291
3 80 6902
3 81 4553
3 82 4465
3 83 9480
3 84 2730
3 85 5396
3 86 8050
3 87 7406
3 88 7022
3 89 8396
3 90 3403
3 91 9198
3 92 7107
3 93 5898
3 94 3165
3 95 6679
3 96 8587
3 97 6180
3 98 7508
3 99 6281
4 5 4307
4 6 7108
4 7 2910
4 8 7447
4 9 4454
4 10 4687
4 11 6555
4 12 4736
4 13 3220
4 14 7493
4 15 8099
4 16 5565
4 17 1637
4 18 1465
4 19 3991
4 20 5555
4 21 5853
4 22 4750
4 23 2543
4 24 5412
4 25 2874
4 26 4299
4 27 7275
4 28 444
4 29 1970
4 30 3446
4 31 6960
4 32 5762
4 33 5978
4 34 2738
4 35 1108
4 36 5706
4 37 4648
4 38 7561
4 39 2568
4 40 4265
4 41 6047
4 42 2779
4 43 6859
4 44 8702
4 45 4410
4 46 5324
4 47 2027
4 48 6660
4 49 4749
4 50 5683
4 51 3770
4 52 866
4 53 3575
4 54 2893
4 55 4002
4 56 5894
4 57 4380
4 58 2640
4 59 5100
4 60 5991
4 61 3766
4 62 6718
4 63 2919
4 64 3390
4 65 5597
4 66 1907
4 67 1554
4 68 4804
4 69 7855
4 70 4806
4 71 1880
4 72 6947
4 73 3010
4 74 4613
4 75 2624
4 76 7600
4 77 3484
4 78 8057
4 79 5229
4 80 2023
4 81 4790
4 82 7956
4 83 1961
4 84 6417
4 85 3793
4 86 2390
4 87 3902
4 88 5339
4 89 2169
4 90 5651
4 91 1814
4 92 8380
4 93 6705
4 94 6242
4 95 2130
4 96 1012
4 97 2482
4 98 5021
4 99 4223
5 6 3877
5 7 6290
5 8 4045
5 9 3788
5 10 3747
5 11 2781
5 12 4241
5 13 3549
5 14 4091
5 15 6215
5 16 3602
5 17 5615
5 18 5115
5 19 4956
5 20 4771
5 21 3110
5 22 7842
5 23 1944
5 24 1736
5 25 6106
5 26 3545
5 27 3535
5 28 4440
5 29 4402
5 30 5971
5 31 3258
5 32 3342
5 33 4605
5 34 5280
5 35 4721
5 36 4504
5 37 5504
5 38 6152
5 39 2024
5 40 2606
5 41 2045
5 42 3634
5 43 2905
5 44 4571
5 45 2149
5 46 6182
5 47 5562
5 48 2663
5 49 4240
5 50 2772
5 51 4164
5 52 3579
5 53 3658
5 54 4572
5 55 4485
5 56 3269
5 57 7022
5 58 4296
5 59 5476
5 60 3688
5 61 7449
5 62 5498
5 63 4965
5 64 2297
5 65 2902
5 66 5920
5 67 4386
5 68 6299
5 69 6389
5 70 5497
5 71 5204
5 72 3781
5 73 6444
5 74 1783
5 75 2498
5 76 4048
5 77 6431
5 78 3711
5 79 3223
5 80 3131
5 81 657
5 82 4053
5 83 5379
5 84 2622
5 85 3289
5 86 3681
5 87 4936
5 88 3909
5 89 3746
5 90 3140
5 91 4767
5 92 5825
5 93 3831
5 94 2159
5 95 3417
5 96 4790
5 97 2348
5 98 3862
5 99 4343
6 7 7340
6 8 593
6 9 3974
6 10 3255
6 11 2351
6 12 7714
6 13 4705
6 14 906
6 15 3035
6 16 7001
6 17 8196
6 18 7640
6 19 5115
6 20 3698
6 21 6202
6 22 9157
6 23 5596
6 24 4011
6 25 8490
6 26 3754
6 27 2310
6 28 7479
6 29 8065
6 30 7295
6 31 2007
6 32 1357
6 33 2324
6 34 7034
6 35 7748
6 36 8160
6 37 5420
6 38 3156
6 39 4675
6 40 2807
6 41 4344
6 42 4910
6 43 1641
6 44 5496
6 45 2884
6 46 5988
6 47 7810
6 48 3409
6 49 8090
6 50 1955
6 51 4924
6 52 6816
6 53 4777
6 54 5920
6 55 4523
6 56 6275
6 57 7308
6 58 5639
6 59 5468
6 60 1680
6 61 9125
6 62 3405
6 63 5850
6 64 6149
6 65 1875
6 66 8698
6 67 7689
6 68 9915
6 69 4077
6 70 5886
6 71 8428
6 72 350
6 73 8774
6 74 2822
6 75 4565
6 76 5023
6 77 8012
6 78 4080
6 79 2116
6 80 7097
6 81 3651
6 82 2036
6 83 7315
6 84 3752
6 85 6844
6 86 5493
6 87 9014
6 88 2673
6 89 5874
6 90 6303
6 91 7065
6 92 1747
6 93 755
6 94 3906
6 95 6712
6 96 7602
6 97 5829
6 98 2875
6 99 8094
7 8 7945
7 9 4296
7 10 4724
7 11 7438
7 12 7362
7 13 3348
7 14 7918
7 15 7590
7 16 8411
7 17 3830
7 18 2417
7 19 2738
7 20 4981
7 21 8440
7 22 2108
7 23 4452
7 24 7624
7 25 1661
7 26 3916
7 27 8389
7 28 3391
7 29 5186
7 30 993
7 31 8225
7 32 6435
7 33 5581
7 34 1147
7 35 3509
7 36 8713
7 37 3094
7 38 7191
7 39 4283
7 40 4903
7 41 8027
7 42 2761
7 43 7762
7 44 10836
7 45 4857
7 46 3004
7 47 1341
7 48 8195
7 49 7486
7 50 6122
7 51 2976
7 52 3751
7 53 3168
7 54 1786
7 55 3265
7 56 8457
7 57 1592
7 58 2267
7 59 3340
7 60 6282
7 61 1558
7 62 5566
7 63 1969
7 64 6311
7 65 5854
7 66 2913
7 67 4411
7 68 7559
7 69 6653
7 70 3093
7 71 4579
7 72 7325
7 73 1780
7 74 5706
7 75 3777
7 76 9871
7 77 375
7 78 9269
7 79 5950
7 80 4884
7 81 6244
7 82 8816
7 83 1643
7 84 8079
7 85 6728
7 86 2622
7 87 7154
7 88 5204
7 89 2681
7 90 7843
7 91 1813
7 92 8535
7 93 7328
7 94 7715
7 95 4655
7 96 3294
7 97 5291
7 98 4970
7 99 7038
8 9 3812
8 10 3383
8 11 2120
8 12 7928
8 13 5104
8 14 1142
8 15 3211
8 16 7148
8 17 8470
8 18 7885
8 19 5383
8 20 3762
8 21 5981
8 22 9223
8 23 5705
8 24 3891
8 25 8505
8 26 3864
8 27 2280
8 28 7609
8 29 8182
8 30 7457
8 31 2357
8 32 1598
8 33 2476
8 34 6945
8 35 7908
8 36 8496
8 37 5201
8 38 3423
8 39 5167
8 40 3127
8 41 4499
8 42 5492
8 43 1731
8 44 5543
8 45 3139
8 46 6362
8 47 7896
8 48 3258
8 49 8438
8 50 1964
8 51 4871
8 52 7170
8 53 4657
8 54 6051
8 55 4844
8 56 6469
8 57 7660
8 58 5808
8 59 5611
8 60 2074
8 61 9300
8 62 3286
8 63 6347
8 64 6541
8 65 2436
8 66 8988
8 67 7810
8 68 10179
8 69 4135
8 70 6064
8 71 8856
8 72 906
8 73 8738
8 74 3326
8 75 4853
8 76 5392
8 77 8312
8 78 4078
8 79 2211
8 80 7111
8 81 3709
8 82 1587
8 83 7984
8 84 3613
8 85 6924
8 86 5539
8 87 8955
8 88 2591
8 89 5715
8 90 6507
8 91 6845
8 92 1548
8 93 1028
8 94 3682
8 95 6806
8 96 7765
8 97 6102
8 98 3464
8 99 8094
9 10 949
9 11 3914
9 12 6867
9 13 1624
9 14 4312
9 15 4320
9 16 7075
9 17 5528
9 18 4360
9 19 1743
9 20 1200
9 21 6322
9 22 5800
9 23 3465
9 24 4597
9 25 4778
9 26 462
9 27 4840
9 28 4733
9 29 5861
9 30 3517
9 31 4707
9 32 2230
9 33 2072
9 34 3196
9 35 4976
9 36 7552
9 37 1886
9 38 3816
9 39 2637
9 40 1280
9 41 5233
9 42 1926
9 43 4107
9 44 7651
9 45 1931
9 46 3087
9 47 4645
9 48 5162
9 49 7031
9 50 2525
9 51 1400
9 52 4532
9 53 1291
9 54 2415
9 55 1415
9 56 6712
9 57 4188
9 58 2597
9 59 2086
9 60 2196
9 61 5674
9 62 2434
9 63 2659
9 64 5398
9 65 2286
9 66 5612
9 67 5488
9 68 8107
9 69 3530
9 70 2474
9 71 5988
9 72 3527
9 73 5239
9 74 2695
9 75 2225
9 76 6952
9 77 4521
9 78 6111
9 79 1915
9 80 5120
9 81 3412
9 82 5145
9 83 4403
9 84 5248
9 85 6140
9 86 2396
9 87 7232
9 88 1608
9 89 2508
9 90 6403
9 91 3561
9 92 4794
9 93 3713
9 94 4973
9 95 4641
9 96 4693
9 97 4192
9 98 906
9 99 6637
10 11 3859
10 12 7075
10 13 1795
10 14 3599
10 15 3796
10 16 7424
10 17 5897
10 18 5157
10 19 2222
10 20 854
10 21 6716
10 22 6128
10 23 4109
10 24 4765
10 25 5701
10 26 897
10 27 4584
10 28 4856
10 29 6156
10 30 4351
10 31 4495
10 32 1789
10 33 1528
10 34 4082
10 35 5585
10 36 8144
10 37 2411
10 38 3044
10 39 3019
10 40 1178
10 41 5062
10 42 2593
10 43 3615
10 44 7550
10 45 1802
10 46 3203
10 47 5095
10 48 4786
10 49 7720
10 50 2084
10 51 1733
10 52 5238
10 53 1711
10 54 3151
10 55 1721
10 56 6743
10 57 4608
10 58 3071
10 59 2409
10 60 1640
10 61 6278
10 62 2063
10 63 3017
10 64 5372
10 65 1510
10 66 6026
10 67 5868
10 68 8514
10 69 3421
10 70 2597
10 71 6578
10 72 2967
10 73 5873
10 74 2413
10 75 2833
10 76 6692
10 77 4816
10 78 6084
10 79 1400
10 80 5474
10 81 3553
10 82 4445
10 83 4673
10 84 5142
10 85 6421
10 86 2633
10 87 7503
10 88 819
10 89 2802
10 90 6680
10 91 4034
10 92 4221
10 93 3028
10 94 5053
10 95 5009
10 96 5607
10 97 4687
10 98 566
10 99 7032
11 12 6175
11 13 4548
11 14 1790
11 15 5193
11 16 5560
11 17 7831
11 18 6964
11 19 5597
11 20 4169
11 21 4244
11 22 9354
11 23 4244
11 24 1976
11 25 8036
11 26 3919
11 27 1169
11 28 6380
11 29 6651
11 30 6988
11 31 1237
11 32 2166
11 33 3780
11 34 6837
11 35 6775
11 36 6512
11 37 5854
11 38 5142
11 39 4007
11 40 2811
11 41 2630
11 42 5014
11 43 657
11 44 4082
11 45 2742
11 46 6690
11 47 7443
11 48 1694
11 49 6583
11 50 1832
11 51 5167
11 52 5976
11 53 4707
11 54 5714
11 55 5139
11 56 4295
11 57 7848
11 58 5818
11 59 6286
11 60 2713
11 61 9000
11 62 4511
11 63 6096
11 64 4970
11 65 2513
11 66 8224
11 67 7005
11 68 8439
11 69 5509
11 70 6458
11 71 7401
11 72 1963
11 73 8434
11 74 2251
11 75 4304
11 76 3314
11 77 8049
11 78 2421
11 79 2410
11 80 5412
11 81 2101
11 82 1887
11 83 7071
11 84 2047
11 85 5624
11 86 4843
11 87 7368
11 88 3142
11 89 5520
11 90 4594
11 91 6458
11 92 3582
11 93 1880
11 94 1842
11 95 5739
11 96 6623
11 97 4705
11 98 3659
11 99 6495
12 13 6395
12 14 7876
12 15 10317
12 16 1704
12 17 4841
12 18 5584
12 19 7750
12 20 7964
12 21 2949
12 22 9575
12 23 3873
12 24 4507
12 25 7145
12 26 6845
12 27 6853
12 28 4487
12 29 3292
12 30 7765
12 31 6646
12 32 7564
12 33 8457
12 34 7363
12 35 4296
12 36 1024
12 37 8045
12 38 10005
12 39 4758
12 40 6265
12 41 4544
12 42 6152
12 43 6946
12 44 6227
12 45 5782
12 46 9229
12 47 6849
12 48 5279
12 49 325
12 50 6932
12 51 6959
12 52 3938
12 53 6451
12 54 7133
12 55 7753
12 56 2645
12 57 8959
12 58 6269
12 59 8595
12 60 7564
12 61 8201
12 62 8880
12 63 7008
12 64 2178
12 65 6698
12 66 5795
12 67 4013
12 68 3157
12 69 10189
12 70 8551
12 71 4203
12 72 7785
12 73 7383
12 74 5439
12 75 4835
12 76 5536
12 77 7962
12 78 6271
12 79 7047
12 80 2685
12 81 4443
12 82 7381
12 83 6484
12 84 5116
12 85 1475
12 86 5760
12 87 1884
12 88 7304
12 89 6035
12 90 2735
12 91 6061
12 92 9430
12 93 7412
12 94 5184
12 95 2840
12 96 4507
12 97 2673
12 98 7070
12 99 859
13 14 4847
13 15 5217
13 16 6820
13 17 4254
13 18 3457
13 19 1408
13 20 2664
13 21 6246
13 22 5160
13 23 2984
13 24 4650
13 25 4151
13 26 1199
13 27 5452
13 28 3303
13 29 4894
13 30 2782
13 31 5468
13 32 3309
13 33 3505
13 34 2553
13 35 4101
13 36 7181
13 37 2342
13 38 4644
13 39 1790
13 40 1950
13 41 5629
13 42 825
13 43 4783
13 44 7796
13 45 2213
13 46 3149
13 47 3098
13 48 5535
13 49 6415
13 50 3362
13 51 963
13 52 3477
13 53 687
13 54 1444
13 55 1656
13 56 6145
13 57 3659
13 58 1265
13 59 2369
13 60 3213
13 61 4372
13 62 3439
13 63 1489
13 64 4827
13 65 3136
13 66 4151
13 67 4066
13 68 7524
13 69 4706
13 70 2317
13 71 4705
13 72 4360
13 73 4450
13 74 2700
13 75 1894
13 76 7153
13 77 3343
13 78 6728
13 79 2968
13 80 4230
13 81 3561
13 82 5492
13 83 2993
13 84 5371
13 85 5388
13 86 1121
13 87 6213
13 88 2535
13 89 1288
13 90 6069
13 91 2680
13 92 5537
13 93 4420
13 94 5102
13 95 3694
13 96 3678
13 97 3609
13 98 2216
13 99 5844
14 15 4096
14 16 7019
14 17 8459
14 18 7783
14 19 5890
14 20 4246
14 21 5438
14 22 9759
14 23 5190
14 24 3773
14 25 8550
14 26 4318
14 27 1761
14 28 7266
14 29 7725
14 30 7296
14 31 1344
14 32 1978
14 33 3462
14 34 7279
14 35 8135
14 36 7955
14 37 5624
14 38 4247
14 39 4966
14 40 3135
14 41 3927
14 42 5593
14 43 1021
14 44 4868
14 45 3287
14 46 6887
14 47 8310
14 48 2717
14 49 7778
14 50 1981
14 51 5226
14 52 7268
14 53 4947
14 54 6334
14 55 5463
14 56 5644
14 57 8005
14 58 6096
14 59 5909
14 60 2295
14 61 9399
14 62 3967
14 63 6651
14 64 6043
14 65 2261
14 66 9001
14 67 8122
14 68 9734
14 69 4937
14 70 6067
14 71 8471
14 72 1207
14 73 9138
14 74 3118
14 75 5142
14 76 4390
14 77 8411
14 78 3196
14 79 2486
14 80 6609
14 81 3366
14 82 893
14 83 8054
14 84 3211
14 85 6842
14 86 5732
14 87 8714
14 88 2954
14 89 5838
14 90 5992
14 91 6975
14 92 2483
14 93 965
14 94 3163
14 95 6444
14 96 7541
14 97 5767
14 98 3522
14 99 7802
15 16 9615
15 17 9454
15 18 8269
15 19 4822
15 20 3225
15 21 8844
15 22 8463
15 23 6815
15 24 6850
15 25 8545
15 26 4133
15 27 5296
15 28 8491
15 29 9284
15 30 6964
15 31 5008
15 32 3425
15 33 2248
15 34 6793
15 35 8974
15 36 10786
15 37 4318
15 38 599
15 39 6121
15 40 4125
15 41 7435
15 42 5461
15 43 4551
15 44 8451
15 45 4762
15 46 4835
15 47 8213
15 48 6213
15 49 10280
15 50 3740
15 51 4900
15 52 8208
15 53 5019
15 54 6063
15 55 4363
15 56 9104
15 57 7097
15 58 6054
15 59 4405
15 60 2850
15 61 9105
15 62 1708
15 63 6300
15 64 8444
15 65 3778
15 66 9052
15 67 9059
15 68 11704
15 69 1460
15 70 4741
15 71 10051
15 72 3258
15 73 9166
15 74 4936
15 75 5942
15 76 7952
15 77 7835
15 78 6869
15 79 3710
15 80 8567
15 81 6230
15 82 4719
15 83 7839
15 84 6814
15 85 9037
15 86 5921
15 87 10970
15 88 3409
15 89 6400
15 90 9101
15 91 7251
15 92 2169
15 93 3515
15 94 6593
15 95 8183
15 96 8587
15 97 7784
15 98 3335
15 99 10134
16 17 5883
16 18 6568
16 19 7863
16 20 8191
16 21 1719
16 22 10079
16 23 4198
16 24 3712
16 25 8034
16 26 6538
16 27 5926
16 28 5650
16 29 4284
16 30 8054
16 31 5583
16 32 6954
16 33 7808
16 34 8008
16 35 5636
16 36 1379
16 37 8560
16 38 9561
16 39 5059
16 40 6062
16 41 3065
16 42 6474
16 43 5724
16 44 4448
16 45 5920
16 46 9393
16 47 7406
16 48 4217
16 49 1971
16 50 6429
16 51 7244
16 52 5008
16 53 6821
16 54 7455
16 55 7558
16 56 1171
16 57 9180
16 58 6939
16 59 8577
16 60 7546
16 61 8762
16 62 8684
16 63 7472
16 64 2214
16 65 6178
16 66 6895
16 67 4849
16 68 4504
16 69 9979
16 70 8812
16 71 5658
16 72 6991
16 73 8078
16 74 5251
16 75 5199
16 76 3882
16 77 8528
16 78 4987
16 79 6603
16 80 3710
16 81 3879
16 82 6590
16 83 6899
16 84 3819
16 85 2215
16 86 6399
16 87 3342
16 88 7293
16 89 6568
16 90 1172
16 91 6878
16 92 8923
16 93 6679
16 94 4058
16 95 3632
16 96 5759
16 97 3214
16 98 7019
16 99 2482
17 18 1503
17 19 5375
17 20 6466
17 21 6748
17 22 5296
17 23 3305
17 24 6617
17 25 2530
17 26 5441
17 27 8400
17 28 1068
17 29 2030
17 30 4019
17 31 8433
17 32 7117
17 33 7667
17 34 3420
17 35 964
17 36 5727
17 37 5868
17 38 9286
17 39 3655
17 40 5539
17 41 6916
17 42 4004
17 43 7732
17 44 9511
17 45 5470
17 46 6131
17 47 2763
17 48 7363
17 49 4879
17 50 6781
17 51 4968
17 52 1778
17 53 4675
17 54 4235
17 55 5446
17 56 6518
17 57 5192
17 58 3570
17 59 5854
17 60 7207
17 61 3604
17 62 7667
17 63 3780
17 64 4351
17 65 6424
17 66 1615
17 67 1481
17 68 3855
17 69 8853
17 70 5620
17 71 1257
17 72 8273
17 73 2522
17 74 5555
17 75 3873
17 76 8600
17 77 3561
17 78 9014
17 79 6693
17 80 2574
17 81 6034
17 82 8725
17 83 2335
17 84 7355
17 85 4196
17 86 3587
17 87 3978
17 88 6634
17 89 3640
17 90 6164
17 91 2661
17 92 9835
17 93 8271
17 94 7151
17 95 2524
17 96 1053
17 97 3426
17 98 6468
17 99 4219
18 19 3735
18 20 5510
18 21 6852
18 22 3899
18 23 3393
18 24 6657
18 25 1346
18 26 4357
18 27 7952
18 28 1125
18 29 2776
18 30 2336
18 31 7640
18 32 6382
18 33 6378
18 34 2023
18 35 1699
18 36 6904
18 37 4492
18 38 7919
18 39 3096
18 40 4715
18 41 7146
18 42 2829
18 43 7431
18 44 9379
18 45 4998
18 46 4546
18 47 1242
18 48 7402
18 49 5849
18 50 6153
18 51 3524
18 52 1995
18 53 3345
18 54 2680
18 55 3880
18 56 6888
18 57 3505
18 58 2373
18 59 4781
18 60 6376
18 61 2587
18 62 6651
18 63 2347
18 64 4540
18 65 5946
18 66 1117
18 67 2375
18 68 5223
18 69 7450
18 70 4113
18 71 2347
18 72 7509
18 73 1723
18 74 5398
18 75 3308
18 76 8524
18 77 2500
18 78 8882
18 79 5778
18 80 3326
18 81 5324
18 82 8474
18 83 841
18 84 7213
18 85 5214
18 86 2417
18 87 5084
18 88 5450
18 89 2455
18 90 6623
18 91 1274
18 92 8671
18 93 7057
18 94 6806
18 95 3037
18 96 1612
18 97 3516
18 98 5231
18 99 4853
19 20 2319
19 21 7622
19 22 4288
19 23 4038
19 24 5954
19 25 4187
19 26 1876
19 27 6836
19 28 4124
19 29 5627
19 30 2250
19 31 6413
19 32 4156
19 33 3257
19 34 1975
19 35 4788
19 36 8348
19 37 1011
19 38 4196
19 39 3219
19 40 2765
19 41 6677
19 42 1878
19 43 5700
19 44 9366
19 45 3260
19 46 1817
19 47 3561
19 48 6485
19 49 8071
19 50 3823
19 51 800
19 52 4824
19 53 1648
19 54 1439
19 55 716
19 56 7936
19 57 2459
19 58 1936
19 59 1316
19 60 3709
19 61 4049
19 62 2979
19 63 1746
19 64 6137
19 65 3533
19 66 4724
19 67 5098
19 68 8660
19 69 4223
19 70 1248
19 71 5650
19 72 4789
19 73 4287
19 74 4007
19 75 3078
19 76 8596
19 77 3222
19 78 7728
19 79 3428
19 80 5146
19 81 4903
19 82 6492
19 83 3669
19 84 6648
19 85 6650
19 86 2388
19 87 7527
19 88 3013
19 89 2185
19 90 7418
19 91 2963
19 92 6106
19 93 5025
19 94 6548
19 95 5081
19 96 4601
19 97 5118
19 98 2476
19 99 7417
20 21 7509
20 22 6476
20 23 4552
20 24 5181
20 25 5848
20 26 1652
20 27 5378
20 28 5803
20 29 6742
20 30 4382
20 31 4707
20 32 2384
20 33 1217
20 34 4227
20 35 6519
20 36 8727
20 37 1812
20 38 2638
20 39 3893
20 40 2433
20 41 6103
20 42 2780
20 43 4181
20 44 8110
20 45 2267
20 46 3063
20 47 5249
20 48 5528
20 49 8447
20 50 2737
20 51 2039
20 52 5827
20 53 2467
20 54 3076
20 55 1939
20 56 7723
20 57 4393
20 58 3400
20 59 2077
20 60 1683
20 61 6413
20 62 1483
20 63 3305
20 64 6111
20 65 2176
20 66 6449
20 67 6576
20 68 9403
20 69 2287
20 70 2343
20 71 7045
20 72 3056
20 73 6054
20 74 3113
20 75 3635
20 76 7301
20 77 4865
20 78 6620
20 79 2116
20 80 6011
20 81 4419
20 82 4833
20 83 5429
20 84 5635
20 85 6839
20 86 3328
20 87 8442
20 88 1097
20 89 3332
20 90 7466
20 91 4465
20 92 4128
20 93 3535
20 94 5477
20 95 6112
20 96 5864
20 97 5400
20 98 1018
20 99 8149
21 22 10350
21 23 4245
21 24 2457
21 25 8350
21 26 5999
21 27 4125
21 28 6200
21 29 5331
21 30 8470
21 31 4599
21 32 5896
21 33 7355
21 34 7831
21 35 6302
21 36 2775
21 37 8124
21 38 8698
21 39 4867
21 40 5347
21 41 1882
21 42 6323
21 43 4368
21 44 3334
21 45 5061
21 46 9018
21 47 7892
21 48 2936
21 49 3510
21 50 5377
21 51 6816
21 52 5054
21 53 6500
21 54 7285
21 55 7126
21 56 480
21 57 9242
21 58 6627
21 59 8371
21 60 6296
21 61 9091
21 62 8114
21 63 7284
21 64 2866
21 65 5438
21 66 7714
21 67 5479
21 68 5917
21 69 9097
21 70 8372
21 71 6365
21 72 5832
21 73 8467
21 74 4399
21 75 5068
21 76 2396
21 77 8962
21 78 3326
21 79 5552
21 80 4362
21 81 3209
21 82 5468
21 83 7570
21 84 2641
21 85 2606
21 86 6052
21 87 4919
21 88 6351
21 89 6626
21 90 824
21 91 6852
21 92 7433
21 93 5551
21 94 2750
21 95 4481
21 96 6256
21 97 3427
21 98 6283
21 99 3807
22 23 6610
22 24 9560
22 25 2785
22 26 5785
22 27 10584
22 28 5136
22 29 6793
22 30 2427
22 31 10154
22 32 7919
22 33 7250
22 34 2789
22 35 5369
22 36 10263
22 37 4548
22 38 8122
22 39 6267
22 40 6998
22 41 9814
22 42 4855
22 43 9671
22 44 12610
22 45 6691
22 46 3850
22 47 3016
22 48 10106
22 49 9377
22 50 7859
22 51 4923
22 52 5980
22 53 4768
22 54 3831
22 55 4835
22 56 10336
22 57 2171
22 58 4303
22 59 4264
22 60 7696
22 61 1574
22 62 6950
22 63 3509
22 64 8081
22 65 7622
22 66 4047
22 67 5824
22 68 8624
22 69 7418
22 70 4098
22 71 5737
22 72 9175
22 73 2778
22 74 7499
22 75 6061
22 76 11870
22 77 1820
22 78 11662
22 79 7532
22 80 6623
22 81 8316
22 82 10449
22 83 3435
22 84 10282
22 85 8654
22 86 4990
22 87 8613
22 88 6916
22 89 4368
22 90 10099
22 91 3755
22 92 10019
22 93 8920
22 94 9821
22 95 6469
22 96 5225
22 97 7105
22 98 6456
22 99 8635
23 24 3430
23 25 4711
23 26 3537
23 27 5097
23 28 2408
23 29 2846
23 30 4343
23 31 4959
23 32 4652
23 33 5117
23 34 4259
23 35 2916
23 36 4616
23 37 4855
23 38 6668
23 39 1366
23 40 3159
23 41 3557
23 42 3013
23 43 4869
23 44 6526
23 45 2856
23 46 5430
23 47 3920
23 48 4337
23 49 4147
23 50 3827
23 51 3702
23 52 1926
23 53 3255
23 54 3423
23 55 4219
23 56 3940
23 57 5687
23 58 3146
23 59 5101
23 60 4420
23 61 5747
23 62 5614
23 63 3894
23 64 2067
23 65 3610
23 66 4049
23 67 2704
23 68 4962
23 69 7142
23 70 5087
23 71 3630
23 72 4976
23 73 4900
23 74 2773
23 75 1323
23 76 5583
23 77 4762
23 78 5804
23 79 3960
23 80 1811
23 81 2283
23 82 5809
23 83 3887
23 84 4328
23 85 2818
23 86 2485
23 87 4126
23 88 4382
23 89 2624
23 90 3525
23 91 3048
23 92 6927
23 93 4974
23 94 4120
23 95 1404
23 96 3019
23 97 1267
23 98 3983
23 99 3681
24 25 7474
24 26 4582
24 27 2773
24 28 5473
24 29 5644
24 30 6901
24 31 2643
24 32 3958
24 33 4898
24 34 6699
24 35 5732
24 36 4668
24 37 6250
24 38 6534
24 39 3286
24 40 3358
24 41 759
24 42 4909
24 43 2540
24 44 3548
24 45 3295
24 46 7686
24 47 6853
24 48 1182
24 49 4437
24 50 3295
24 51 5627
24 52 4864
24 53 5049
24 54 6193
24 55 5688
24 56 2741
24 57 8016
24 58 5399
24 59 6762
24 60 4156
24 61 8474
24 62 5993
24 63 6211
24 64 3008
24 65 3312
24 66 7251
24 67 5451
24 68 6957
24 69 6986
24 70 7077
24 71 6247
24 72 3885
24 73 8115
24 74 2460
24 75 3480
24 76 2767
24 77 7950
24 78 2750
24 79 3616
24 80 4301
24 81 1221
24 82 3302
24 83 6522
24 84 1032
24 85 3482
24 86 4694
24 87 5908
24 88 4585
24 89 5122
24 90 2697
24 91 5982
24 92 5578
24 93 3661
24 94 795
24 95 4077
24 96 5781
24 97 3636
24 98 4537
24 99 4758
25 26 4951
25 27 9228
25 28 2634
25 29 4228
25 30 2084
25 31 8818
25 32 7100
25 33 6762
25 34 2175
25 35 3150
25 36 8020
25 37 4292
25 38 8268
25 39 4509
25 40 5615
25 41 8232
25 42 3351
25 43 8490
25 44 11032
25 45 5489
25 46 4417
25 47 849
25 48 8261
25 49 6965
25 50 6892
25 51 3967
25 52 3366
25 53 4039
25 54 3038
25 55 4526
25 56 8570
25 57 3103
25 58 2874
25 59 4258
25 60 7131
25 61 1090
25 62 6884
25 63 2971
25 64 5786
25 65 6685
25 66 1750
25 67 3749
25 68 6396
25 69 7963
25 70 3979
25 71 3510
25 72 8173
25 73 811
25 74 6141
25 75 4161
25 76 9983
25 77 1510
25 78 10083
25 79 6396
25 80 4325
25 81 6476
25 82 9515
25 83 1225
25 84 8556
25 85 6518
25 86 3187
25 87 6023
25 88 5984
25 89 2978
25 90 8121
25 91 1737
25 92 9398
25 93 7919
25 94 8044
25 95 4207
25 96 2454
25 97 5231
25 98 5768
25 99 6196
26 27 4875
26 28 4210
26 29 5356
26 30 3677
26 31 4645
26 32 2319
26 33 2381
26 34 3259
26 35 4825
26 36 7400
26 37 2205
26 38 4041
26 39 2640
26 40 1319
26 41 4943
26 42 1586
26 43 3892
26 44 7327
26 45 1669
26 46 3004
26 47 4114
26 48 5032
26 49 6747
26 50 2269
26 51 1512
26 52 4551
26 53 1310
26 54 2592
26 55 1315
26 56 6359
26 57 3985
26 58 2411
26 59 2563
26 60 2110
26 61 5661
26 62 2541
26 63 2669
26 64 5225
26 65 1964
26 66 5512
26 67 4975
26 68 7841
26 69 3715
26 70 2861
26 71 6034
26 72 3605
26 73 5221
26 74 2237
26 75 2453
26 76 6558
26 77 4502
26 78 6233
26 79 2064
26 80 4705
26 81 3467
26 82 4780
26 83 4225
26 84 5298
26 85 5733
26 86 1816
26 87 7229
26 88 1301
26 89 2317
26 90 5988
26 91 3668
26 92 4985
26 93 3461
26 94 4961
26 95 4258
26 96 4630
26 97 3960
26 98 1021
26 99 6442
27 28 7723
27 29 7825
27 30 8410
27 31 750
27 32 3294
27 33 4391
27 34 7709
27 35 8096
27 36 6731
27 37 6624
27 38 5408
27 39 4861
27 40 3898
27 41 2657
27 42 5955
27 43 1533
27 44 3306
27 45 3839
27 46 7615
27 47 8372
27 48 1656
27 49 6942
27 50 2809
27 51 6019
27 52 7213
27 53 5801
27 54 7110
27 55 6132
27 56 4649
27 57 8767
27 58 6600
27 59 7035
27 60 3780
27 61 9994
27 62 5508
27 63 7017
27 64 5396
27 65 3130
27 66 8783
27 67 7852
27 68 9351
27 69 6082
27 70 7416
27 71 8271
27 72 2502
27 73 9460
27 74 3181
27 75 5157
27 76 2914
27 77 9092
27 78 1931
27 79 3539
27 80 6469
27 81 3231
27 82 1048
27 83 8071
27 84 1895
27 85 6195
27 86 6056
27 87 8059
27 88 4088
27 89 6455
27 90 4929
27 91 7576
27 92 3612
27 93 2336
27 94 1940
27 95 6594
27 96 7738
27 97 5727
27 98 4777
27 99 6991
28 29 1860
28 30 3483
28 31 7572
28 32 6075
28 33 6642
28 34 3088
28 35 862
28 36 5574
28 37 4947
28 38 8088
28 39 2772
28 40 4542
28 41 5969
28 42 3025
28 43 6777
28 44 8764
28 45 4791
28 46 5211
28 47 2084
28 48 6804
28 49 4706
28 50 5646
28 51 3910
28 52 947
28 53 3474
28 54 3164
28 55 4295
28 56 6235
28 57 4392
28 58 2475
28 59 5159
28 60 6315
28 61 3503
28 62 6986
28 63 3397
28 64 3561
28 65 5822
28 66 2010
28 67 1399
28 68 4429
28 69 7710
28 70 5037
28 71 1893
28 72 7154
28 73 3001
28 74 4432
28 75 2958
28 76 7992
28 77 3624
28 78 7984
28 79 5706
28 80 1880
28 81 4706
28 82 8120
28 83 2015
28 84 6809
28 85 4067
28 86 2457
28 87 4070
28 88 5465
28 89 2329
28 90 5670
28 91 1838
28 92 8957
28 93 7086
28 94 6050
28 95 2056
28 96 668
28 97 2569
28 98 5290
28 99 4085
29 30 5273
29 31 7478
29 32 6975
29 33 7448
29 34 4472
29 35 1449
29 36 4028
29 37 6388
29 38 9023
29 39 3471
29 40 5304
29 41 5646
29 42 4715
29 43 7435
29 44 8158
29 45 5100
29 46 6920
29 47 3839
29 48 6685
29 49 3501
29 50 6640
29 51 5367
29 52 1571
29 53 4852
29 54 5078
29 55 5954
29 56 5248
29 57 6452
29 58 3976
29 59 6698
29 60 7407
29 61 4878
29 62 7944
29 63 4888
29 64 2801
29 65 6228
29 66 2891
29 67 961
29 68 2763
29 69 9095
29 70 6289
29 71 1257
29 72 7949
29 73 4185
29 74 5412
29 75 3894
29 76 7166
29 77 4913
29 78 7869
29 79 6722
29 80 1207
29 81 5178
29 82 8453
29 83 3518
29 84 6626
29 85 3006
29 86 3914
29 87 2380
29 88 6591
29 89 4208
29 90 4503
29 91 3420
29 92 9427
29 93 7479
29 94 5870
29 95 1521
29 96 1628
29 97 2189
29 98 6272
29 99 2368
30 31 7978
30 32 5710
30 33 5499
30 34 830
30 35 3844
30 36 8485
30 37 2702
30 38 6506
30 39 3745
30 40 4567
30 41 7563
30 42 2179
30 43 7176
30 44 10176
30 45 4574
30 46 2512
30 47 1785
30 48 7827
30 49 7512
30 50 5503
30 51 2701
30 52 4084
30 53 2578
30 54 1616
30 55 2755
30 56 8091
30 57 1723
30 58 1928
30 59 2842
30 60 5645
30 61 2262
30 62 5129
30 63 1387
30 64 6097
30 65 5288
30 66 3019
30 67 4640
30 68 7615
30 69 5923
30 70 2277
30 71 4522
30 72 6867
30 73 2291
30 74 5373
30 75 3475
30 76 9603
30 77 1021
30 78 8908
30 79 5139
30 80 4945
30 81 6044
30 82 8199
30 83 1699
30 84 7785
30 85 6778
30 86 2527
30 87 7281
30 88 4730
30 89 1871
30 90 8008
30 91 2112
30 92 7825
30 93 6829
30 94 7552
30 95 4722
30 96 3338
30 97 5154
30 98 4452
30 99 6904
31 32 2989
31 33 4391
31 34 7665
31 35 7479
31 36 7224
31 37 6316
31 38 5225
31 39 4766
31 40 3430
31 41 2684
31 42 6004
31 43 902
31 44 4016
31 45 3242
31 46 7285
31 47 8389
31 48 1640
31 49 6818
31 50 2762
31 51 5691
31 52 6773
31 53 5437
31 54 6720
31 55 5860
31 56 4690
31 57 8623
31 58 6536
31 59 6402
31 60 3322
31 61 9608
31 62 5041
31 63 6736
31 64 5372
31 65 2923
31 66 8975
31 67 7602
31 68 9027
31 69 5643
31 70 6980
31 71 8562
31 72 2337
31 73 8971
31 74 3140
31 75 4955
31 76 3208
31 77 8433
31 78 2245
31 79 3149
31 80 6333
31 81 2761
31 82 1125
31 83 8007
31 84 1872
31 85 6057
31 86 5848
31 87 7931
31 88 4039
31 89 6258
31 90 4991
31 91 7046
31 92 3323
31 93 2031
31 94 1995
31 95 6489
31 96 7597
31 97 5195
31 98 4439
31 99 7233
32 33 1810
32 34 5415
32 35 6846
32 36 7707
32 37 3789
32 38 3107
32 39 3929
32 40 2049
32 41 4539
32 42 3899
32 43 2229
32 44 6262
32 45 1849
32 46 4994
32 47 6538
32 48 3413
32 49 7636
32 50 904
32 51 3580
32 52 6002
32 53 3488
32 54 4829
32 55 3670
32 56 6331
32 57 6539
32 58 4479
32 59 4094
32 60 1038
32 61 7717
32 62 2699
32 63 4795
32 64 5416
32 65 667
32 66 7617
32 67 6905
32 68 9264
32 69 3470
32 70 4427
32 71 7452
32 72 1156
32 73 7312
32 74 2300
32 75 3473
32 76 5700
32 77 6600
32 78 4602
32 79 954
32 80 6110
32 81 2899
32 82 2850
32 83 6196
32 84 3958
32 85 6523
32 86 4093
32 87 7939
32 88 1548
32 89 4492
32 90 5767
32 91 5833
32 92 2576
32 93 1098
32 94 3850
32 95 5578
32 96 6732
32 97 5245
32 98 2006
32 99 7574
33 34 5303
33 35 6897
33 36 8769
33 37 3154
33 38 1917
33 39 4533
33 40 2542
33 41 5911
33 42 3539
33 43 3428
33 44 7420
33 45 2519
33 46 4043
33 47 6131
33 48 5138
33 49 8816
33 50 2404
33 51 3278
33 52 6378
33 53 2979
33 54 3988
33 55 2985
33 56 7171
33 57 5429
33 58 4226
33 59 3410
33 60 886
33 61 7478
33 62 1074
33 63 4597
33 64 6421
33 65 1682
33 66 7556
33 67 7200
33 68 9795
33 69 2363
33 70 3528
33 71 7709
33 72 2318
33 73 6973
33 74 3253
33 75 4116
33 76 6976
33 77 5933
33 78 5969
33 79 1667
33 80 6700
33 81 4213
33 82 3848
33 83 6000
33 84 5433
33 85 7208
33 86 4253
33 87 8946
33 88 1335
33 89 4530
33 90 7040
33 91 5497
33 92 2799
33 93 2471
33 94 5408
33 95 6622
33 96 6964
33 97 5880
33 98 1483
33 99 8165
34 35 3389
34 36 8310
34 37 2773
34 38 6333
34 39 3645
34 40 3939
34 41 7184
34 42 2091
34 43 6684
34 44 9893
34 45 4324
34 46 2939
34 47 1377
34 48 7301
34 49 7229
34 50 5256
34 51 2413
34 52 3793
34 53 2449
34 54 1179
34 55 2773
34 56 7747
34 57 1812
34 58 1537
34 59 2743
34 60 5475
34 61 2567
34 62 5257
34 63 881
34 64 5762
34 65 5101
34 66 3033
34 67 3845
34 68 7401
34 69 6076
34 70 2204
34 71 4143
34 72 6823
34 73 2299
34 74 4918
34 75 3294
34 76 9143
34 77 1573
34 78 8757
34 79 5024
34 80 4580
34 81 5388
34 82 8081
34 83 1427
34 84 7310
34 85 6443
34 86 2109
34 87 6735
34 88 4416
34 89 1458
34 90 7636
34 91 1739
34 92 7671
34 93 6684
34 94 7139
34 95 4198
34 96 3397
34 97 4525
34 98 3891
34 99 6367
35 36 5517
35 37 5583
35 38 8506
35 39 3070
35 40 5180
35 41 6072
35 42 3554
35 43 7093
35 44 8626
35 45 5086
35 46 6253
35 47 2895
35 48 6683
35 49 4197
35 50 6401
35 51 4821
35 52 1297
35 53 4076
35 54 3947
35 55 5192
35 56 6095
35 57 5345
35 58 2982
35 59 5873
35 60 6649
35 61 4009
35 62 7263
35 63 3790
35 64 3636
35 65 6247
35 66 1756
35 67 793
35 68 3899
35 69 8687
35 70 5516
35 71 927
35 72 7470
35 73 3037
35 74 5324
35 75 3231
35 76 7861
35 77 3708
35 78 8199
35 79 6399
35 80 2247
35 81 5212
35 82 8333
35 83 2172
35 84 7113
35 85 3810
35 86 3439
35 87 3575
35 88 6201
35 89 3402
35 90 5347
35 91 2093
35 92 9370
35 93 7464
35 94 6400
35 95 1760
35 96 416
35 97 2748
35 98 5531
35 99 3573
36 37 8903
36 38 10903
36 39 5620
36 40 7137
36 41 4167
36 42 7158
36 43 6925
36 44 5819
36 45 6672
36 46 10042
36 47 7906
36 48 5406
36 49 1368
36 50 7229
36 51 8097
36 52 4977
36 53 7218
36 54 7713
36 55 8252
36 56 2746
36 57 9751
36 58 7097
36 59 9571
36 60 8180
36 61 8904
36 62 9921
36 63 7668
36 64 2643
36 65 7416
36 66 7211
36 67 5005
36 68 3235
36 69 10912
36 70 9491
36 71 5295
36 72 7912
36 73 8138
36 74 6048
36 75 5684
36 76 5455
36 77 8828
36 78 5968
36 79 7594
36 80 3988
36 81 5281
36 82 7987
36 83 7064
36 84 5177
36 85 2403
36 86 6964
36 87 2556
36 88 8198
36 89 6862
36 90 2587
36 91 6911
36 92 9849
36 93 7878
36 94 5351
36 95 3853
36 96 5614
36 97 3672
36 98 7768
36 99 1876
37 38 4077
37 39 4072
37 40 3058
37 41 7218
37 42 2323
37 43 5580
37 44 9598
37 45 3250
37 46 1124
37 47 3898
37 48 6872
37 49 8262
37 50 4188
37 51 1613
37 52 5174
37 53 2024
37 54 2175
37 55 993
37 56 8144
37 57 2607
37 58 2542
37 59 689
37 60 3402
37 61 4714
37 62 2740
37 63 2100
37 64 6842
37 65 3905
37 66 5204
37 67 5818
37 68 9125
37 69 3758
37 70 963
37 71 6405
37 72 5037
37 73 4732
37 74 4260
37 75 3846
37 76 8796
37 77 3308
37 78 7888
37 79 3639
37 80 6057
37 81 5231
37 82 6331
37 83 3845
37 84 7026
37 85 7390
37 86 2537
37 87 8210
37 88 2706
37 89 2893
37 90 7677
37 91 3515
37 92 5742
37 93 4980
37 94 6705
37 95 5652
37 96 5321
37 97 5500
37 98 2497
37 99 7993
38 39 6122
38 40 4136
38 41 7299
38 42 5347
38 43 4479
38 44 8981
38 45 4386
38 46 4325
38 47 7431
38 48 6433
38 49 10168
38 50 3703
38 51 4566
38 52 7921
38 53 4663
38 54 5682
38 55 3941
38 56 9009
38 57 6248
38 58 5566
38 59 3833
38 60 2552
38 61 8196
38 62 1464
38 63 5874
38 64 8508
38 65 3578
38 66 8875
38 67 8894
38 68 11635
38 69 931
38 70 4527
38 71 9287
38 72 3481
38 73 8478
38 74 5143
38 75 5717
38 76 8416
38 77 7085
38 78 7208
38 79 3236
38 80 8090
38 81 6117
38 82 4777
38 83 7343
38 84 6645
38 85 8937
38 86 5739
38 87 10668
38 88 2740
38 89 5906
38 90 8722
38 91 6801
38 92 2922
38 93 3584
38 94 6792
38 95 8201
38 96 8395
38 97 7435
38 98 3361
38 99 10190
39 40 2379
39 41 4132
39 42 2208
39 43 4307
39 44 6489
39 45 2279
39 46 4955
39 47 3761
39 48 4163
39 49 5024
39 50 3238
39 51 2787
39 52 2466
39 53 1991
39 54 3077
39 55 3294
39 56 4866
39 57 4952
39 58 2266
39 59 4350
39 60 3830
39 61 5296
39 62 4764
39 63 3057
39 64 2900
39 65 2995
39 66 4434
39 67 3490
39 68 6088
39 69 5988
39 70 4111
39 71 4201
39 72 4662
39 73 4472
39 74 2266
39 75 730
39 76 6040
39 77 4592
39 78 5541
39 79 3066
39 80 2550
39 81 2474
39 82 5397
39 83 3480
39 84 4168
39 85 3374
39 86 1800
39 87 4762
39 88 3092
39 89 1933
39 90 4608
39 91 2902
39 92 6203
39 93 4183
39 94 3974
39 95 2494
39 96 3001
39 97 1976
39 98 3161
39 99 4211
40 41 4048
40 42 2242
40 43 2955
40 44 6448
40 45 431
40 46 4274
40 47 5153
40 48 3574
40 49 6430
40 50 1516
40 51 2138
40 52 4588
40 53 2101
40 54 3417
40 55 2706
40 56 5770
40 57 5271
40 58 3215
40 59 3637
40 60 1784
40 61 6146
40 62 3062
40 63 3249
40 64 4361
40 65 1442
40 66 5969
40 67 5044
40 68 7701
40 69 4257
40 70 3596
40 71 6096
40 72 2918
40 73 5861
40 74 1180
40 75 2346
40 76 5941
40 77 5149
40 78 5181
40 79 1301
40 80 4639
40 81 2552
40 82 3920
40 83 4916
40 84 3923
40 85 5239
40 86 2808
40 87 7041
40 88 1253
40 89 3106
40 90 5113
40 91 4260
40 92 4146
40 93 2642
40 94 3531
40 95 4083
40 96 5018
40 97 3750
40 98 1548
40 99 6118
41 42 5479
41 43 3237
41 44 3067
41 45 3712
41 46 7883
41 47 7673
41 48 1354
41 49 4681
41 50 3656
41 51 5886
41 52 5176
41 53 5675
41 54 6404
41 55 6409
41 56 1925
41 57 8485
41 58 6213
41 59 7260
41 60 5033
41 61 9031
41 62 6648
41 63 6898
41 64 3100
41 65 4115
41 66 7859
41 67 6133
41 68 6581
41 69 7773
41 70 7389
41 71 6466
41 72 4179
41 73 8556
41 74 3097
41 75 4170
41 76 1923
41 77 8209
41 78 2566
41 79 4383
41 80 4385
41 81 2119
41 82 3584
41 83 7106
41 84 904
41 85 3650
41 86 5489
41 87 5546
41 88 4967
41 89 5825
41 90 2300
41 91 6744
41 92 5986
41 93 3962
41 94 988
41 95 4599
41 96 6524
41 97 3591
41 98 5211
41 99 4945
42 43 5151
42 44 8324
42 45 2502
42 46 3130
42 47 2894
42 48 5874
42 49 6227
42 50 3705
42 51 1218
42 52 3344
42 53 1050
42 54 1434
42 55 1898
42 56 6300
42 57 3436
42 58 712
42 59 2301
42 60 3575
42 61 3882
42 62 3851
42 63 1192
42 64 4717
42 65 3420
42 66 3976
42 67 3808
42 68 6835
42 69 5054
42 70 2427
42 71 4563
42 72 5003
42 73 3831
42 74 2992
42 75 1962
42 76 7287
42 77 2931
42 78 6805
42 79 3405
42 80 3865
42 81 4147
42 82 6039
42 83 2566
42 84 5813
42 85 5270
42 86 498
42 87 6490
42 88 3151
42 89 830
42 90 6348
42 91 2086
42 92 6419
42 93 4716
42 94 5719
42 95 3447
42 96 3437
42 97 3641
42 98 2326
42 99 5755
43 44 4482
43 45 2756
43 46 6487
43 47 7690
43 48 1906
43 49 7160
43 50 1840
43 51 5012
43 52 6257
43 53 4675
43 54 6144
43 55 5291
43 56 4954
43 57 7820
43 58 5647
43 59 6020
43 60 2410
43 61 9087
43 62 4476
43 63 6222
43 64 5114
43 65 2094
43 66 8156
43 67 6943
43 68 8866
43 69 5060
43 70 6113
43 71 7710
43 72 1489
43 73 8716
43 74 2593
43 75 4100
43 76 3616
43 77 7890
43 78 2882
43 79 2310
43 80 6049
43 81 2655
43 82 1186
43 83 7186
43 84 2562
43 85 5784
43 86 5369
43 87 8124
43 88 3235
43 89 5504
43 90 5021
43 91 6571
43 92 3124
43 93 1464
43 94 2090
43 95 5971
43 96 7244
43 97 5178
43 98 3287
43 99 7096
44 45 5975
44 46 10263
44 47 10438
44 48 2953
44 49 6373
44 50 5573
44 51 8287
44 52 8026
44 53 7845
44 54 9156
44 55 8648
44 56 3452
44 57 11168
44 58 8722
44 59 9486
44 60 6573
44 61 11683
44 62 8538
44 63 9208
44 64 5579
44 65 6248
44 66 10544
44 67 8572
44 68 8963
44 69 9298
44 70 9925
44 71 9149
44 72 5399
44 73 11072
44 74 5294
44 75 7031
44 76 872
44 77 11066
44 78 1676
44 79 6081
44 80 7005
44 81 4703
44 82 4425
44 83 9905
44 84 2643
44 85 5833
44 86 8086
44 87 7729
44 88 7289
44 89 8615
44 90 3900
44 91 9195
44 92 6787
44 93 5149
44 94 2957
44 95 7068
44 96 8790
44 97 6383
44 98 7201
44 99 6867
45 46 4742
45 47 5071
45 48 3492
45 49 6252
45 50 1462
45 51 2658
45 52 4523
45 53 2225
45 54 3164
45 55 2921
45 56 5407
45 57 5151
45 58 3237
45 59 3590
45 60 2197
45 61 6526
45 62 3286
45 63 3790
45 64 3985
45 65 1221
45 66 5693
45 67 4966
45 68 7612
45 69 4295
45 70 4103
45 71 5731
45 72 2722
45 73 6215
45 74 930
45 75 2132
45 76 5597
45 77 5479
45 78 4912
45 79 1474
45 80 4515
45 81 2360
45 82 3982
45 83 4989
45 84 3731
45 85 5074
45 86 2495
45 87 6712
45 88 1703
45 89 3049
45 90 5095
45 91 4349
45 92 4240
45 93 2552
45 94 3480
45 95 4094
45 96 4685
45 97 3402
45 98 1448
45 99 5757
46 47 4208
46 48 7606
46 49 9505
46 50 4884
46 51 2231
46 52 5888
46 53 2965
46 54 2531
46 55 2044
46 56 9268
46 57 2052
46 58 3058
46 59 1064
46 60 4522
46 61 4292
46 62 3569
46 63 2426
46 64 7543
46 65 4548
46 66 5423
46 67 6554
46 68 9624
46 69 3920
46 70 752
46 71 6976
46 72 5756
46 73 4610
46 74 5485
46 75 4348
46 76 9639
46 77 3455
46 78 9183
46 79 4739
46 80 6539
46 81 6160
46 82 7414
46 83 4267
46 84 8195
46 85 8087
46 86 3782
46 87 8773
46 88 3960
46 89 3422
46 90 9055
46 91 3837
46 92 6367
46 93 6146
46 94 7939
46 95 6478
46 96 5621
46 97 6262
46 98 3354
46 99 8750
47 48 7815
47 49 6677
47 50 6195
47 51 3698
47 52 2901
47 53 3249
47 54 2424
47 55 3966
47 56 7711
47 57 2747
47 58 2445
47 59 4108
47 60 6560
47 61 1546
47 62 6148
47 63 2001
47 64 5492
47 65 6109
47 66 1641
47 67 3588
47 68 6388
47 69 7375
47 70 3568
47 71 3626
47 72 7320
47 73 994
47 74 5616
47 75 3869
47 76 9492
47 77 1654
47 78 9054
47 79 5843
47 80 4093
47 81 5825
47 82 8813
47 83 676
47 84 7766
47 85 6085
47 86 2839
47 87 5819
47 88 5705
47 89 2631
47 90 7651
47 91 1133
47 92 9034
47 93 7498
47 94 7794
47 95 3952
47 96 2377
47 97 4321
47 98 4864
47 99 5929
48 49 5645
48 50 3423
48 51 5746
48 52 5768
48 53 5679
48 54 6618
48 55 5895
48 56 3111
48 57 8759
48 58 6357
48 59 7155
48 60 4105
48 61 9381
48 62 5708
48 63 6582
48 64 4191
48 65 3647
48 66 8045
48 67 6884
48 68 7683
48 69 6808
48 70 7403
48 71 7393
48 72 3132
48 73 8621
48 74 2941
48 75 4540
48 76 2078
48 77 8287
48 78 1801
48 79 3676
48 80 5587
48 81 2067
48 82 2739
48 83 7470
48 84 640
48 85 4904
48 86 5515
48 87 6837
48 88 4560
48 89 5861
48 90 3554
48 91 6751
48 92 5100
48 93 3099
48 94 919
48 95 5068
48 96 6815
48 97 4258
48 98 4619
48 99 5994
49 50 6716
49 51 7132
49 52 4072
49 53 6938
49 54 7166
49 55 7728
49 56 3191
49 57 8941
49 58 6223
49 59 8537
49 60 7989
49 61 7954
49 62 9173
49 63 7311
49 64 1993
49 65 7157
49 66 5810
49 67 3859
49 68 2520
49 69 10700
49 70 8776
49 71 4274
49 72 8134
49 73 7261
49 74 5646
49 75 5226
49 76 5684
49 77 8127
49 78 6726
49 79 7400
49 80 3079
49 81 4696
49 82 7783
49 83 6218
49 84 5538
49 85 1433
49 86 5789
49 87 2016
49 88 7687
49 89 6010
49 90 2605
49 91 6060
49 92 9799
49 93 7536
49 94 5302
49 95 3032
49 96 4931
49 97 3238
49 98 7375
49 99 1293
50 51 3389
50 52 5250
50 53 3023
50 54 4357
50 55 3367
50 56 5575
50 57 6402
50 58 4051
50 59 4411
50 60 1446
50 61 7399
50 62 3049
50 63 4616
50 64 4843
50 65 420
50 66 6971
50 67 6168
50 68 8775
50 69 3872
50 70 4589
50 71 6788
50 72 1837
50 73 6981
50 74 1632
50 75 3074
50 76 5160
50 77 6165
50 78 4268
50 79 479
50 80 5152
50 81 2519
50 82 2830
50 83 5895
50 84 3577
50 85 5846
50 86 3482
50 87 7719
50 88 1755
50 89 3847
50 90 5557
50 91 5406
50 92 3373
50 93 1774
50 94 3121
50 95 5277
50 96 5873
50 97 4587
50 98 1797
50 99 6824
51 52 3975
51 53 908
51 54 1521
51 55 566
51 56 7159
51 57 2844
51 58 1478
51 59 1797
51 60 3161
51 61 4744
51 62 3160
51 63 1649
51 64 5359
51 65 3220
51 66 4825
51 67 5124
51 68 7898
51 69 4249
51 70 1731
51 71 5549
51 72 4741
51 73 4505
51 74 3097
51 75 2673
51 76 7599
51 77 3421
51 78 7111
51 79 3282
51 80 4751
51 81 4074
51 82 5823
51 83 3497
51 84 6341
51 85 6163
51 86 1511
51 87 7024
51 88 2500
51 89 1723
51 90 6582
51 91 2683
51 92 5775
51 93 4820
51 94 5550
51 95 4527
51 96 4491
51 97 4458
51 98 2181
51 99 6946
52 53 3496
52 54 3487
52 55 4457
52 56 5372
52 57 5342
52 58 2749
52 59 5280
52 60 6223
52 61 4428
52 62 6582
52 63 3848
52 64 2568
52 65 5430
52 66 2581
52 67 1135
52 68 4277
52 69 7898
52 70 5152
52 71 1666
52 72 6762
52 73 3773
52 74 4244
52 75 2575
52 76 6963
52 77 4163
52 78 7263
52 79 5297
52 80 1134
52 81 4291
52 82 7306
52 83 2557
52 84 6195
52 85 2894
52 86 2523
52 87 3642
52 88 5638
52 89 2707
52 90 4704
52 91 2210
52 92 8697
52 93 6719
52 94 5557
52 95 1071
52 96 994
52 97 2134
52 98 5195
52 99 3250
53 54 1734
53 55 1281
53 56 6566
53 57 3393
53 58 1222
53 59 2499
53 60 3390
53 61 4505
53 62 3524
53 63 1819
53 64 4805
53 65 3113
53 66 4539
53 67 4447
53 68 7586
53 69 4445
53 70 2474
53 71 5227
53 72 4191
53 73 4289
53 74 2875
53 75 1739
53 76 7014
53 77 3746
53 78 6714
53 79 3048
53 80 4373
53 81 3539
53 82 5695
53 83 3156
53 84 5664
53 85 5585
53 86 1217
53 87 6928
53 88 2414
53 89 1564
53 90 6157
53 91 2562
53 92 5440
53 93 4298
53 94 5428
53 95 3997
53 96 4027
53 97 3776
53 98 2071
53 99 6126
54 55 1664
54 56 7248
54 57 2456
54 58 914
54 59 2071
54 60 4602
54 61 3419
54 62 4186
54 63 420
54 64 5595
54 65 4271
54 66 3414
54 67 4115
54 68 7608
54 69 4993
54 70 1919
54 71 4762
54 72 5778
54 73 3264
54 74 4282
54 75 2704
54 76 8502
54 77 2145
54 78 8006
54 79 4082
54 80 4484
54 81 4938
54 82 6899
54 83 2241
54 84 6756
54 85 5814
54 86 1620
54 87 6743
54 88 3513
54 89 1302
54 90 7035
54 91 1919
54 92 6866
54 93 5438
54 94 6597
54 95 4388
54 96 3686
54 97 4380
54 98 3270
54 99 6567
55 56 7327
55 57 3214
55 58 2028
55 59 1264
55 60 3384
55 61 4533
55 62 2590
55 63 2093
55 64 5977
55 65 3058
55 66 5085
55 67 5539
55 68 8706
55 69 3575
55 70 1455
55 71 6025
55 72 4343
55 73 4638
55 74 3698
55 75 2943
55 76 8146
55 77 3533
55 78 7282
55 79 3129
55 80 5352
55 81 4702
55 82 5918
55 83 4023
55 84 6334
55 85 6623
55 86 2372
55 87 7585
55 88 2509
55 89 1936
55 90 7334
55 91 3256
55 92 5498
55 93 4363
55 94 6122
55 95 4953
55 96 4828
55 97 4988
55 98 1780
55 99 7368
56 57 9489
56 58 6552
56 59 8375
56 60 6744
56 61 9090
56 62 8220
56 63 7687
56 64 2530
56 65 5809
56 66 7608
56 67 5445
56 68 5298
56 69 9322
56 70 8347
56 71 5964
56 72 6363
56 73 8423
56 74 4312
56 75 5031
56 76 2651
56 77 8557
56 78 3680
56 79 5968
56 80 4355
56 81 3354
56 82 5647
56 83 7594
56 84 3062
56 85 2765
56 86 6139
56 87 4713
56 88 6410
56 89 6493
56 90 599
56 91 7116
56 92 7913
56 93 5789
56 94 2835
56 95 4441
56 96 6271
56 97 3384
56 98 6396
56 99 3338
57 58 2837
57 59 2520
57 60 6064
57 61 2657
57 62 5351
57 63 2239
57 64 7143
57 65 6080
57 66 4351
57 67 5503
57 68 8863
57 69 5998
57 70 2121
57 71 5787
57 72 7503
57 73 3350
57 74 5904
57 75 4912
57 76 10249
57 77 1663
57 78 9815
57 79 6025
57 80 6284
57 81 6789
57 82 8593
57 83 3296
57 84 8834
57 85 7869
57 86 3578
57 87 8067
57 88 4995
57 89 3012
57 90 8996
57 91 3025
57 92 8046
57 93 7209
57 94 8600
57 95 5783
57 96 4698
57 97 6438
57 98 4504
57 99 8019
58 59 2816
58 60 4235
58 61 3476
58 62 4475
58 63 1115
58 64 4835
58 65 3793
58 66 3339
58 67 3597
58 68 6883
58 69 5568
58 70 2757
58 71 3977
58 72 5293
58 73 3430
58 74 3760
58 75 2298
58 76 7790
58 77 2671
58 78 7706
58 79 3955
58 80 3832
58 81 4565
58 82 6619
58 83 2291
58 84 6527
58 85 5418
58 86 897
58 87 6224
58 88 3842
58 89 366
58 90 6191
58 91 1331
58 92 7128
58 93 5448
58 94 5684
58 95 3536
58 96 2767
58 97 3840
58 98 2957
58 99 5708
59 60 3609
59 61 4848
59 62 3021
59 63 2282
59 64 6620
59 65 4182
59 66 5182
59 67 5959
59 68 9394
59 69 3358
59 70 780
59 71 6605
59 72 5067
59 73 4596
59 74 4639
59 75 3891
59 76 8833
59 77 3585
59 78 8254
59 79 3754
59 80 6098
59 81 5365
59 82 6635
59 83 4002
59 84 7511
59 85 7309
59 86 2969
59 87 8298
59 88 2877
59 89 2855
59 90 8313
59 91 3766
59 92 5756
59 93 5291
59 94 7126
59 95 5916
59 96 5377
59 97 5907
59 98 2588
59 99 8099
60 61 7320
60 62 1875
60 63 4751
60 64 6175
60 65 1283
60 66 7472
60 67 6809
60 68 9564
60 69 3023
60 70 4138
60 71 7546
60 72 1733
60 73 7202
60 74 2772
60 75 3644
60 76 5912
60 77 6309
60 78 5402
60 79 1100
60 80 6103
60 81 3296
60 82 3279
60 83 6215
60 84 4409
60 85 6950
60 86 4206
60 87 8554
60 88 1008
60 89 4317
60 90 6315
60 91 5516
60 92 2965
60 93 1851
60 94 4481
60 95 6102
60 96 6526
60 97 5238
60 98 1681
60 99 7910
61 62 7104
61 63 3401
61 64 6929
61 65 7187
61 66 2221
61 67 4690
61 68 7553
61 69 7932
61 70 4304
61 71 4541
61 72 8761
61 73 930
61 74 7099
61 75 4997
61 76 10715
61 77 1662
61 78 10692
61 79 7322
61 80 5649
61 81 7744
61 82 10068
61 83 2078
61 84 9285
61 85 7500
61 86 4145
61 87 6879
61 88 6971
61 89 3761
61 90 9047
61 91 2601
61 92 10179
61 93 8807
61 94 8986
61 95 5477
61 96 3710
61 97 5766
61 98 6007
61 99 7271
62 63 4355
62 64 7404
62 65 2555
62 66 7733
62 67 7636
62 68 10355
62 69 1342
62 70 3070
62 71 8063
62 72 2929
62 73 7428
62 74 3896
62 75 4876
62 76 7596
62 77 5890
62 78 6682
62 79 2730
62 80 6912
62 81 5160
62 82 4794
62 83 6470
62 84 6194
62 85 8051
62 86 4587
62 87 9655
62 88 1906
62 89 4385
62 90 7889
62 91 5649
62 92 3038
62 93 3433
62 94 5755
62 95 6868
62 96 6871
62 97 6340
62 98 1828
62 99 8753
63 64 5491
63 65 4548
63 66 3617
63 67 4128
63 68 7233
63 69 5290
63 70 1888
63 71 4783
63 72 5633
63 73 2990
63 74 4397
63 75 2764
63 76 8246
63 77 2289
63 78 8005
63 79 4056
63 80 4576
63 81 5064
63 82 7394
63 83 2131
63 84 6765
63 85 5878
63 86 1475
63 87 6995
63 88 3695
63 89 1008
63 90 7003
63 91 1747
63 92 7194
63 93 5737
63 94 6594
63 95 4333
63 96 3609
63 97 4233
63 98 3136
63 99 6487
64 65 5013
64 66 5179
64 67 2913
64 68 4092
64 69 8676
64 70 7046
64 71 3621
64 72 5935
64 73 5946
64 74 3694
64 75 2973
64 76 4941
64 77 6485
64 78 5387
64 79 5417
64 80 1983
64 81 3139
64 82 5985
64 83 5039
64 84 3978
64 85 839
64 86 4289
64 87 2736
64 88 5764
64 89 4729
64 90 2173
64 91 4695
64 92 8020
64 93 5666
64 94 3760
64 95 1893
64 96 3896
64 97 1240
64 98 5744
64 99 2222
65 66 6860
65 67 6137
65 68 8532
65 69 3692
65 70 4022
65 71 6716
65 72 1651
65 73 7176
65 74 1634
65 75 3202
65 76 5370
65 77 6225
65 78 4451
65 79 465
65 80 5228
65 81 2784
65 82 3330
65 83 5885
65 84 3596
65 85 5683
65 86 3297
65 87 7348
65 88 1453
65 89 3958
65 90 5665
65 91 5164
65 92 3235
65 93 1867
65 94 3417
65 95 5120
65 96 5788
65 97 4298
65 98 1463
65 99 6551
66 67 2702
66 68 5160
66 69 8511
66 70 5350
66 71 2005
66 72 8569
66 73 1603
66 74 6110
66 75 4054
66 76 9507
66 77 2558
66 78 9502
66 79 6826
66 80 3370
66 81 6540
66 82 9202
66 83 1348
66 84 8123
66 85 5304
66 86 3739
66 87 4881
66 88 6395
66 89 3505
66 90 7178
66 91 1832
66 92 9692
66 93 8359
66 94 7777
66 95 3454
66 96 1797
66 97 4330
66 98 6341
66 99 5171
67 68 3300
67 69 8787
67 70 5898
67 71 1188
67 72 7477
67 73 3739
67 74 4842
67 75 3540
67 76 7811
67 77 4268
67 78 8183
67 79 6226
67 80 1836
67 81 5015
67 82 8223
67 83 3084
67 84 6404
67 85 3312
67 86 3330
67 87 3128
67 88 6060
67 89 3779
67 90 5185
67 91 2781
67 92 9555
67 93 7538
67 94 6055
67 95 1382
67 96 1364
67 97 2567
67 98 5790
67 99 3245
68 69 11414
68 70 9125
68 71 3508
68 72 9968
68 73 6227
68 74 7129
68 75 5886
68 76 8248
68 77 7431
68 78 8732
68 79 8547
68 80 3680
68 81 6913
68 82 10034
68 83 5806
68 84 7784
68 85 3578
68 86 6535
68 87 1419
68 88 8983
68 89 6695
68 90 5022
68 91 5885
68 92 11465
68 93 9345
68 94 7298
68 95 3736
68 96 4494
68 97 4354
68 98 8620
68 99 2290
69 70 4081
69 71 9246
69 72 4014
69 73 7897
69 74 5126
69 75 5854
69 76 8866
69 77 6898
69 78 7959
69 79 3850
69 80 8437
69 81 6429
69 82 5741
69 83 7051
69 84 7185
69 85 9311
69 86 5411
69 87 10917
69 88 3299
69 89 5840
69 90 9408
69 91 6743
69 92 3526
69 93 4205
69 94 7275
69 95 8189
69 96 8442
69 97 7697
69 98 3142
69 99 9983
70 71 6537
70 72 5506
70 73 4668
70 74 4625
70 75 4110
70 76 8987
70 77 2993
70 78 8428
70 79 4036
70 80 6003
70 81 5596
70 82 6919
70 83 3626
70 84 7240
70 85 7365
70 86 2845
70 87 8395
70 88 3514
70 89 2559
70 90 8169
70 91 3274
70 92 6067
70 93 5494
70 94 7306
70 95 5880
70 96 5075
70 97 5633
70 98 2802
70 99 8038
71 72 8496
71 73 3656
71 74 5687
71 75 4201
71 76 8244
71 77 4339
71 78 8510
71 79 6759
71 80 2167
71 81 5680
71 82 9161
71 83 2768
71 84 7247
71 85 4045
71 86 3967
71 87 2966
71 88 6937
71 89 3954
71 90 5569
71 91 3321
71 92 10171
71 93 8163
71 94 7037
71 95 2191
71 96 1483
71 97 3392
71 98 6455
71 99 3218
72 73 8459
72 74 2933
72 75 4478
72 76 4875
72 77 7680
72 78 4261
72 79 1751
72 80 6709
72 81 3180
72 82 1805
72 83 7215
72 84 3780
72 85 6897
72 86 5151
72 87 8634
72 88 2595
72 89 5439
72 90 5951
72 91 6373
72 92 2127
72 93 358
72 94 3717
72 95 6447
72 96 7154
72 97 5606
72 98 2693
72 99 8025
73 74 6314
73 75 4420
73 76 10358
73 77 1792
73 78 9978
73 79 6852
73 80 4448
73 81 6690
73 82 9539
73 83 1424
73 84 8884
73 85 6681
73 86 3644
73 87 6225
73 88 6391
73 89 3597
73 90 8071
73 91 2017
73 92 9715
73 93 8612
73 94 8340
73 95 4434
73 96 2999
73 97 4995
73 98 6296
73 99 6654
74 75 2166
74 76 4827
74 77 5962
74 78 3952
74 79 1568
74 80 3820
74 81 1566
74 82 3339
74 83 5220
74 84 3182
74 85 4590
74 86 3156
74 87 5994
74 88 2563
74 89 3250
74 90 4234
74 91 4397
74 92 4443
74 93 2614
74 94 2716
74 95 3652
74 96 5124
74 97 3099
74 98 2484
74 99 5598
75 76 6274
75 77 4527
75 78 5752
75 79 3184
75 80 2717
75 81 2385
75 82 5347
75 83 3458
75 84 4693
75 85 3945
75 86 1648
75 87 5010
75 88 3167
75 89 1611
75 90 4390
75 91 2512
75 92 6232
75 93 4179
75 94 3932
75 95 2291
75 96 3256
75 97 2457
75 98 2814
75 99 4448
76 77 10065
76 78 1604
76 79 5611
76 80 6099
76 81 3776
76 82 3962
76 83 9028
76 84 1736
76 85 5152
76 86 7123
76 87 6840
76 88 6548
76 89 7731
76 90 3214
76 91 8518
76 92 6498
76 93 5039
76 94 2466
76 95 6190
76 96 7867
76 97 5644
76 98 6513
76 99 6093
77 78 9732
77 79 6249
77 80 5247
77 81 6565
77 82 9175
77 83 1942
77 84 8751
77 85 7037
77 86 2938
77 87 7355
77 88 5449
77 89 2942
77 90 8512
77 91 2085
77 92 8574
77 93 7651
77 94 8341
77 95 4816
77 96 3592
77 97 5478
77 98 5306
77 99 7244
78 79 4814
78 80 6646
78 81 3532
78 82 2804
78 83 9104
78 84 1473
78 85 5515
78 86 6887
78 87 8052
78 88 5389
78 89 7543
78 90 3935
78 91 8316
78 92 5252
78 93 3745
78 94 2162
78 95 6711
78 96 8064
78 97 5513
78 98 5952
78 99 6616
79 80 5371
79 81 2814
79 82 3022
79 83 5823
79 84 4166
79 85 5804
79 86 3612
79 87 7921
79 88 1034
79 89 3689
79 90 5614
79 91 5070
79 92 3301
79 93 1638
79 94 3937
79 95 5381
79 96 5797
79 97 4869
79 98 1361
79 99 6802
80 81 3691
80 82 6904
80 83 3407
80 84 5109
80 85 1937
80 86 3259
80 87 2502
80 88 5467
80 89 3351
80 90 4061
80 91 3396
80 92 8236
80 93 6663
80 94 4747
80 95 672
80 96 2213
80 97 1212
80 98 5439
80 99 2337
81 82 3332
81 83 5463
81 84 2359
81 85 3878
81 86 3674
81 87 5525
81 88 3414
81 89 4150
81 90 3243
81 91 4929
81 92 5052
81 93 3174
81 94 1707
81 95 3412
81 96 5079
81 97 3040
81 98 3625
81 99 4976
82 83 8660
82 84 2822
82 85 6771
82 86 6347
82 87 9113
82 88 4181
82 89 6715
82 90 5705
82 91 7796
82 92 2971
82 93 1632
82 94 2951
82 95 6888
82 96 8339
82 97 5999
82 98 4532
82 99 7895
83 84 7730
83 85 5486
83 86 2280
83 87 5716
83 88 5353
83 89 2342
83 90 6869
83 91 966
83 92 8868
83 93 7288
83 94 7162
83 95 3690
83 96 1796
83 97 4318
83 98 4742
83 99 5835
84 85 4381
84 86 5545
84 87 6732
84 88 4616
84 89 5904
84 90 3066
84 91 6697
84 92 5187
84 93 3258
84 94 764
84 95 5364
84 96 6816
84 97 4317
84 98 4750
84 99 5528
85 86 4938
85 87 2259
85 88 6193
85 89 4982
85 90 2127
85 91 5127
85 92 8873
85 93 6724
85 94 4307
85 95 2180
85 96 3778
85 97 1898
85 98 6174
85 99 1141
86 87 5927
86 88 3194
86 89 784
86 90 5773
86 91 1915
86 92 6358
86 93 5004
86 94 5386
86 95 3351
86 96 2781
86 97 3269
86 98 2745
86 99 5398
87 88 8053
87 89 5727
87 90 4244
87 91 5355
87 92 10804
87 93 8316
87 94 6528
87 95 3164
87 96 4016
87 97 3274
87 98 7618
87 99 1101
88 89 3492
88 90 6245
88 91 4674
88 92 3683
88 93 2354
88 94 4669
88 95 5479
88 96 5657
88 97 5156
88 98 608
88 99 7263
89 90 6187
89 91 1376
89 92 6731
89 93 5303
89 94 5626
89 95 3242
89 96 2643
89 97 3515
89 98 3109
89 99 5798
90 91 6637
90 92 7867
90 93 5836
90 94 2901
90 95 3877
90 96 5521
90 97 3168
90 98 6330
90 99 3170
91 92 8002
91 93 6611
91 94 6420
91 95 3275
91 96 2077
91 97 3525
91 98 4393
91 99 5325
92 93 2174
92 94 5331
92 95 8116
92 96 8830
92 97 7473
92 98 4039
92 99 9794
93 94 3442
93 95 6417
93 96 7430
93 97 5696
93 98 2789
93 99 7428
94 95 4989
94 96 6723
94 97 4152
94 98 4514
94 99 5407
95 96 1890
95 97 914
95 98 5409
95 99 2428
96 97 3076
96 98 5648
96 99 4096
97 98 4938
97 99 2833
98 99 7019
