# --------- Instancia para o programa mo420-network-design.e  ---------
# Gerado por ../bin/mo420-network-design-gera-entrada.e 1 100 1000 100 800 10
# --------- Cabecalho com dados gerais ---------
nnodes nedges capacity gamma
100 4950 1000 10
# --------- Dados referentes aos vertices ---------
nodename posx posy weight
0 6806 7005 609
1 5174 4531 200
2 7443 5108 528
3 7006 2092 756
4 6062 5619 410
5 8763 8214 146
6 6511 8260 453
7 5701 1240 505
8 7866 7788 469
9 9865 2490 468
10 3627 4162 499
11 9076 5754 502
12 5135 6728 679
13 373 8922 772
14 6219 7571 386
15 6138 9600 529
16 1636 2648 177
17 8572 5652 379
18 8525 5737 299
19 9446 4299 267
20 3469 6332 411
21 9520 5943 477
22 3829 7926 393
23 9098 2783 178
24 9139 1792 507
25 85 7010 206
26 5908 6286 132
27 3175 2222 448
28 81 9016 413
29 4639 4841 195
30 2115 5348 285
31 6669 9825 438
32 8232 9643 797
33 3948 6128 753
34 2199 7537 523
35 6609 879 639
36 7534 867 102
37 5553 661 339
38 9464 5490 101
39 4716 4501 354
40 722 4596 205
41 9049 624 166
42 7722 3015 740
43 2778 7482 111
44 9802 3549 741
45 566 8388 151
46 7587 8334 518
47 9680 5319 101
48 474 2017 682
49 9381 3197 463
50 8333 9726 105
51 2426 4903 284
52 5081 6919 356
53 3685 2905 478
54 2217 3127 212
55 5481 4640 369
56 8916 2429 436
57 5222 1571 350
58 2585 1142 420
59 6148 459 433
60 2333 96 305
61 5484 9322 281
62 7570 9716 174
63 7571 6952 294
64 6815 4363 431
65 4278 1758 143
66 343 7068 581
67 6513 6852 387
68 4902 9692 711
69 9571 459 539
70 5717 2325 586
71 4514 3008 672
72 1872 1665 146
73 6526 7081 492
74 8508 8778 729
75 2450 6506 403
76 7707 9476 578
77 9450 3294 767
78 7054 7347 134
79 2242 2397 332
80 6398 9035 592
81 4297 2554 323
82 2139 125 776
83 9985 7717 646
84 4749 3819 765
85 5153 8654 559
86 2456 8413 171
87 8830 1707 581
88 3877 37 127
89 2406 9332 402
90 2863 4062 701
91 6449 2937 268
92 9835 9388 563
93 4564 326 646
94 7365 1670 655
95 2364 5448 269
96 325 9719 380
97 1260 6417 258
98 287 2783 218
99 9032 4854 433
# --------- Dados referentes aas arestas ---------
endpoint1 endpoint2 distance
0 1 3145
0 2 2326
0 3 5218
0 4 1809
0 5 2774
0 6 1541
0 7 6195
0 8 1695
0 9 5703
0 10 4281
0 11 3068
0 12 2155
0 13 6987
0 14 1039
0 15 2777
0 16 7238
0 17 2433
0 18 2290
0 19 3863
0 20 3752
0 21 3256
0 22 3536
0 23 4806
0 24 5770
0 25 6854
0 26 1346
0 27 6189
0 28 7306
0 29 3383
0 30 5280
0 31 2910
0 32 3436
0 33 3238
0 34 4998
0 35 6609
0 36 6484
0 37 6560
0 38 3553
0 39 3316
0 40 6579
0 41 7212
0 42 4205
0 43 4077
0 44 5017
0 45 6503
0 46 1696
0 47 3602
0 48 8076
0 49 4798
0 50 3375
0 51 5283
0 52 2011
0 53 5331
0 54 6358
0 55 3025
0 56 5310
0 57 5711
0 58 7572
0 59 6824
0 60 8285
0 61 2786
0 62 2834
0 63 812
0 64 2724
0 65 6287
0 66 6673
0 67 768
0 68 3388
0 69 7406
0 70 4997
0 71 4721
0 72 7342
0 73 620
0 74 2683
0 75 4509
0 76 2823
0 77 4940
0 78 748
0 79 6823
0 80 2076
0 81 5481
0 82 8461
0 83 3557
0 84 3859
0 85 2544
0 86 5070
0 87 5924
0 88 7706
0 89 5348
0 90 5035
0 91 4404
0 92 4051
0 93 7356
0 94 5858
0 95 5028
0 96 7057
0 97 5813
0 98 8250
0 99 3385
1 2 2801
1 3 3540
1 4 1471
1 5 5429
1 6 4308
1 7 3728
1 8 4676
1 9 5191
1 10 1909
1 11 4227
1 12 2414
1 13 6589
1 14 3269
1 15 5348
1 16 4096
1 17 3881
1 18 3914
1 19 4740
1 20 2604
1 21 5009
1 22 4122
1 23 4637
1 24 5220
1 25 5780
1 26 2298
1 27 3288
1 28 7052
1 29 1055
1 30 3427
1 31 5665
1 32 6384
1 33 2325
1 34 4484
1 35 4267
1 36 4769
1 37 3895
1 38 4565
1 39 628
1 40 4536
1 41 5993
1 42 3149
1 43 4109
1 44 5046
1 45 6412
1 46 4970
1 47 5040
1 48 5768
1 49 4551
1 50 6251
1 51 3140
1 52 2516
1 53 2432
1 54 3642
1 55 450
1 56 4542
1 57 3092
1 58 4395
1 59 4617
1 60 5271
1 61 5058
1 62 6193
1 63 3669
1 64 1976
1 65 2931
1 66 5851
1 67 3050
1 68 5483
1 69 6183
1 70 2448
1 71 1904
1 72 4731
1 73 3269
1 74 5867
1 75 3654
1 76 5602
1 77 4676
1 78 3530
1 79 3916
1 80 5011
1 81 2656
1 82 5450
1 83 6051
1 84 1238
1 85 4400
1 86 4742
1 87 4845
1 88 4754
1 89 5584
1 90 2450
1 91 2210
1 92 6865
1 93 4642
1 94 3607
1 95 3132
1 96 7329
1 97 4609
1 98 5672
1 99 3901
2 3 3333
2 4 1636
2 5 3380
2 6 3562
2 7 4610
2 8 3018
2 9 4044
2 10 4094
2 11 2197
2 12 2956
2 13 8294
2 14 3173
2 15 4852
2 16 6401
2 17 1745
2 18 1490
2 19 2464
2 20 4498
2 21 2384
2 22 5006
2 23 3160
2 24 3905
2 25 7771
2 26 2218
2 27 5295
2 28 8419
2 29 3190
2 30 5365
2 31 5216
2 32 4603
2 33 3777
2 34 5945
2 35 4506
2 36 4671
2 37 5056
2 38 2398
2 39 3196
2 40 6788
2 41 4929
2 42 2337
2 43 5586
2 44 3141
2 45 7913
2 46 3413
2 47 2603
2 48 8088
2 49 3088
2 50 5106
2 51 5222
2 52 3471
2 53 4796
2 54 5974
2 55 2261
2 56 3236
2 57 4545
2 58 6582
2 59 5057
2 60 7382
2 61 4780
2 62 5047
2 63 2249
2 64 1047
2 65 4977
2 66 7437
2 67 2182
2 68 5646
2 69 5303
2 70 3353
2 71 3806
2 72 6715
2 73 2188
2 74 4261
2 75 5461
2 76 4383
2 77 3174
2 78 2434
2 79 6360
2 80 4370
2 81 4357
2 82 7652
2 83 3674
2 84 3136
2 85 4636
2 86 6331
2 87 3950
2 88 6598
2 89 6852
2 90 4909
2 91 2708
2 92 5063
2 93 5713
2 94 3864
2 95 5406
2 96 8730
2 97 6509
2 98 7636
2 99 1723
3 4 3705
3 5 6758
3 6 6576
3 7 1720
3 8 6248
3 9 3199
3 10 4061
3 11 4377
3 12 5023
3 13 9656
3 14 5559
3 15 7784
3 16 5675
3 17 4174
3 18 4136
3 19 3622
3 20 5828
3 21 4960
3 22 6759
3 23 2206
3 24 2248
3 25 8881
3 26 4640
3 27 4324
3 28 10055
3 29 4010
3 30 5922
3 31 8233
3 32 7984
3 33 5280
3 34 7418
3 35 1448
3 36 1793
3 37 2246
3 38 4493
3 39 3353
3 40 6898
3 41 2928
3 42 1357
3 43 7227
3 44 3323
3 45 9117
3 46 6578
3 47 4297
3 48 6915
3 49 3036
3 50 7808
3 51 5449
3 52 5663
3 53 3496
3 54 5379
3 55 3012
3 56 2006
3 57 2223
3 58 4562
3 59 2132
3 60 5200
3 61 7488
3 62 7973
3 63 5137
3 64 2617
3 65 2812
3 66 8771
3 67 5203
3 68 8251
3 69 3081
3 70 1340
3 71 2708
3 72 5361
3 73 5277
3 74 7279
3 75 6402
3 76 7502
3 77 3081
3 78 5398
3 79 5098
3 80 7444
3 81 2763
3 82 5307
3 83 6788
3 84 3189
3 85 6964
3 86 8110
3 87 2187
3 88 4103
3 89 8843
3 90 4835
3 91 1098
3 92 8035
3 93 3204
3 94 735
3 95 5758
3 96 10488
3 97 7331
3 98 7061
3 99 3774
4 5 3904
4 6 2826
4 7 4598
4 8 3199
4 9 4955
4 10 2857
4 11 3454
4 12 1653
4 13 6735
4 14 2056
4 15 4271
4 16 5523
4 17 2778
4 18 2740
4 19 3865
4 20 2961
4 21 3597
4 22 3529
4 23 4576
4 24 5139
4 25 6430
4 26 1167
4 27 4645
4 28 7319
4 29 1995
4 30 4449
4 31 4318
4 32 4882
4 33 2580
4 34 4795
4 35 5226
4 36 5179
4 37 5420
4 38 3613
4 39 2245
4 40 5810
4 41 6091
4 42 3129
4 43 4073
4 44 4396
4 45 6225
4 46 3128
4 47 3883
4 48 6690
4 49 4600
4 50 4989
4 51 4155
4 52 2089
4 53 3799
4 54 4997
4 55 1593
4 56 4620
4 57 4521
4 58 5669
4 59 5250
4 60 7160
4 61 4225
4 62 4553
4 63 2203
4 64 1629
4 65 4553
4 66 6236
4 67 1720
4 68 4509
4 69 6680
4 70 3688
4 71 3166
4 72 5831
4 73 2021
4 74 4228
4 75 3978
4 76 4214
4 77 4336
4 78 2188
4 79 5408
4 80 3819
4 81 3664
4 82 6797
4 83 4782
4 84 2617
4 85 3195
4 86 4614
4 87 5001
4 88 6297
4 89 5326
4 90 3730
4 91 2911
4 92 5566
4 93 5591
4 94 4639
4 95 3980
4 96 7544
4 97 4988
4 98 6601
4 99 3249
5 6 2416
5 7 8005
5 8 1311
5 9 6003
5 10 6837
5 11 2611
5 12 4087
5 13 8566
5 14 2923
5 15 3091
5 16 9372
5 17 3020
5 18 2525
5 19 4432
5 20 6106
5 21 2774
5 22 4945
5 23 5866
5 24 6770
5 25 9067
5 26 3913
5 27 8311
5 28 9169
5 29 5360
5 30 7723
5 31 3082
5 32 1755
5 33 5351
5 34 6625
5 35 7844
5 36 7463
5 37 8338
5 38 2998
5 39 5710
5 40 9064
5 41 8085
5 42 5519
5 43 6508
5 44 5194
5 45 8414
5 46 1497
5 47 3447
5 48 10697
5 49 5175
5 50 1819
5 51 7374
5 52 4357
5 53 7734
5 54 8506
5 55 5076
5 56 5957
5 57 7615
5 58 9714
5 59 8455
5 60 10419
5 61 3857
5 62 2101
5 63 1806
5 64 4723
5 65 8152
5 66 8883
5 67 2703
5 68 4204
5 69 8268
5 70 7086
5 71 6851
5 72 9999
5 73 2625
5 74 858
5 75 6612
5 76 2124
5 77 5120
5 78 2347
5 79 8807
5 80 2722
5 81 7395
5 82 10507
5 83 1422
5 84 6033
5 85 3906
5 86 6780
5 87 6915
5 88 9816
5 89 6914
5 90 7508
5 91 6021
5 92 1964
5 93 9426
5 94 6754
5 95 7218
5 96 8645
5 97 8062
5 98 10244
5 99 3737
6 7 7523
6 8 1463
6 9 6823
6 10 5365
6 11 3879
6 12 2217
6 13 6528
6 14 835
6 15 1409
6 16 7743
6 17 3734
6 18 3230
6 19 5208
6 20 3701
6 21 3991
6 22 2885
6 23 6303
6 24 7393
6 25 6668
6 26 2170
6 27 7061
6 28 6800
6 29 4211
6 30 5621
6 31 1900
6 32 2575
6 33 3491
6 34 4867
6 35 7665
6 36 7678
6 37 7909
6 38 4157
6 39 4490
6 40 7111
6 41 8379
6 42 5533
6 43 3911
6 44 6220
6 45 6363
6 46 1401
6 47 4434
6 48 8926
6 49 5954
6 50 2548
6 51 5662
6 52 2221
6 53 6482
6 54 7054
6 55 4022
6 56 6551
6 57 7265
6 58 8149
6 59 8127
6 60 9185
6 61 1502
6 62 1982
6 63 2143
6 64 4224
6 65 7037
6 66 6449
6 67 1727
6 68 2539
6 69 8444
6 70 6272
6 71 5935
6 72 8281
6 73 1588
6 74 2368
6 75 4479
6 76 2029
6 77 5950
6 78 1068
6 79 7419
6 80 1034
6 81 6182
6 82 9336
6 83 3619
6 84 4827
6 85 1434
6 86 4289
6 87 7015
6 88 8898
6 89 4440
6 90 5571
6 91 5411
6 92 3629
6 93 8587
6 94 6834
6 95 5263
6 96 6498
6 97 5779
6 98 8398
6 99 4692
7 8 7134
7 9 4490
7 10 3755
7 11 5662
7 12 5527
7 13 9583
7 14 6444
7 15 8400
7 16 4518
7 17 5447
7 18 5448
7 19 5223
7 20 5849
7 21 6413
7 22 6971
7 23 3895
7 24 3980
7 25 8321
7 26 5468
7 27 2821
7 28 9878
7 29 3803
7 30 5642
7 31 8782
7 32 9157
7 33 5598
7 34 7235
7 35 1134
7 36 2356
7 37 1020
7 38 6075
7 39 3730
7 40 6249
7 41 3467
7 42 2941
7 43 6971
7 44 4754
7 45 9168
7 46 7565
7 47 5808
7 48 5701
7 49 4281
7 50 9000
7 51 5150
7 52 5923
7 53 2813
7 54 4031
7 55 3661
7 56 3575
7 57 719
7 58 3228
7 59 1270
7 60 3902
7 61 8150
7 62 8993
7 63 6203
7 64 3329
7 65 1625
7 66 8301
7 67 6140
7 68 8865
7 69 4420
7 70 1283
7 71 2409
7 72 4004
7 73 6081
7 74 8113
7 75 6401
7 76 8850
7 77 4486
7 78 6509
7 79 3980
7 80 7868
7 81 2208
7 82 4018
7 83 8258
7 84 3070
7 85 7490
7 86 8186
7 87 3451
7 88 2625
7 89 8887
7 90 4404
7 91 2241
7 92 9401
7 93 1813
7 94 1787
7 95 5595
7 96 10272
7 97 7287
7 98 5923
7 99 4981
8 9 5941
8 10 5619
8 11 2400
8 12 3151
8 13 8073
8 14 1904
8 15 2904
8 16 8342
8 17 2523
8 18 2416
8 19 4125
8 20 5111
8 21 2560
8 22 4197
8 23 5184
8 24 6147
8 25 8153
8 26 2605
8 27 7590
8 28 8294
8 29 4672
8 30 6388
8 31 2512
8 32 2217
8 33 4313
8 34 5807
8 35 7099
8 36 6986
8 37 7762
8 38 3003
8 39 4936
8 40 7859
8 41 7409
8 42 5203
8 43 5552
8 44 4748
8 45 7552
8 46 728
8 47 3302
8 48 9629
8 49 5161
8 50 2315
8 51 6584
8 52 3059
8 53 6442
8 54 7523
8 55 4183
8 56 5824
8 57 6891
8 58 8854
8 59 7939
8 60 9934
8 61 2902
8 62 2184
8 63 1155
8 64 3695
8 65 7502
8 66 7994
8 67 1901
8 68 3728
8 69 7636
8 70 5903
8 71 6152
8 72 8958
8 73 1978
8 74 1500
8 75 5991
8 76 2040
8 77 5166
8 78 1284
8 79 7935
8 80 2044
8 81 6429
8 82 9995
8 83 2168
8 84 5057
8 85 3055
8 86 5546
8 87 6325
8 88 9178
8 89 5951
8 90 6468
8 91 5055
8 92 2841
8 93 8198
8 94 6617
8 95 6466
8 96 8121
8 97 6782
8 98 9368
8 99 3431
9 10 6736
9 11 3625
9 12 6425
9 13 11962
9 14 6529
9 15 8271
9 16 8398
9 17 3457
9 18 3540
9 19 2242
9 20 7563
9 21 3857
9 22 8427
9 23 1311
9 24 1446
9 25 11029
9 26 5983
9 27 6699
9 28 12000
9 29 6052
9 30 8749
9 31 8056
9 32 7792
9 33 7426
9 34 9195
9 35 4002
9 36 2849
9 37 5056
9 38 3294
9 39 5528
9 40 9653
9 41 2170
9 42 2375
9 43 9141
9 44 1262
9 45 11409
9 46 6576
9 47 3035
9 48 9685
9 49 1173
9 50 7684
9 51 8288
9 52 6568
9 53 6249
9 54 7829
9 55 5243
9 56 1124
9 57 4896
9 58 7631
9 59 4294
9 60 8048
9 61 8141
9 62 7716
9 63 5183
9 64 3863
9 65 5733
9 66 11045
9 67 5674
9 68 8775
9 69 2372
9 70 4547
9 71 5525
9 72 8042
9 73 5853
9 74 6521
9 75 8792
9 76 7423
9 77 980
9 78 5829
9 79 7959
9 80 7606
9 81 5885
9 82 8574
9 83 5556
9 84 5442
9 85 7900
9 86 9527
9 87 1476
9 88 6506
9 89 10551
9 90 7594
9 91 3728
9 92 7170
9 93 6017
9 94 2840
9 95 8255
9 96 12289
9 97 9718
9 98 9624
9 99 2932
10 11 5835
10 12 3182
10 13 5783
10 14 4703
10 15 6086
10 16 2598
10 17 5519
10 18 5517
10 19 6319
10 20 2584
10 21 6457
10 22 3795
10 23 6037
10 24 6077
10 25 4772
10 26 3258
10 27 2107
10 28 6167
10 29 1704
10 30 2223
10 31 6805
10 32 7367
10 33 2025
10 34 3852
10 35 4570
10 36 5436
10 37 4273
10 38 6052
10 39 1390
10 40 3344
10 41 6680
10 42 4340
10 43 3516
10 44 6419
10 45 5288
10 46 6234
10 47 6439
10 48 4000
10 49 6226
10 50 7655
10 51 1693
10 52 3456
10 53 1385
10 54 2095
10 55 2110
10 56 5625
10 57 3253
10 58 3604
10 59 4607
10 60 4759
10 61 5721
10 62 6867
10 63 4859
10 64 3212
10 65 2955
10 66 4435
10 67 4393
10 68 6147
10 69 7337
10 70 2893
10 71 1815
10 72 3393
10 73 4204
10 74 7002
10 75 2770
10 76 6836
10 77 5919
10 78 4785
10 79 2405
10 80 5739
10 81 1982
10 82 4588
10 83 7302
10 84 1584
10 85 5080
10 86 4837
10 87 6155
10 88 4519
10 89 5787
10 90 1167
10 91 3140
10 92 8385
10 93 4291
10 94 4887
10 95 1830
10 96 6908
10 97 3606
10 98 4048
10 99 5632
11 12 4391
11 13 9391
11 14 3768
11 15 5078
11 16 8243
11 17 664
11 18 619
11 19 1842
11 20 5745
11 21 758
11 22 6111
11 23 3158
11 24 4082
11 25 9363
11 26 3403
11 27 7106
11 28 10028
11 29 4790
11 30 7190
11 31 4829
11 32 4139
11 33 5285
11 34 7460
11 35 5728
11 36 5213
11 37 6599
11 38 683
11 39 4777
11 40 8455
11 41 5195
11 42 3295
11 43 7014
11 44 2535
11 45 8947
11 46 2995
11 47 1084
11 48 9552
11 49 3041
11 50 4445
11 51 6770
11 52 4594
11 53 6148
11 54 7499
11 55 4100
11 56 3648
11 57 6025
11 58 8152
11 59 6344
11 60 9205
11 61 5336
11 62 4667
11 63 2171
11 64 2937
11 65 6422
11 66 9017
11 67 2924
11 68 5821
11 69 5748
11 70 5077
11 71 5632
11 72 8325
11 73 3274
11 74 3329
11 75 7054
11 76 4196
11 77 2670
11 78 2708
11 79 7945
11 80 4438
11 81 5944
11 82 9126
11 83 2391
11 84 5023
11 85 4969
11 86 7190
11 87 4235
11 88 8139
11 89 7590
11 90 6473
11 91 4142
11 92 3882
11 93 7129
11 94 4529
11 95 7011
11 96 9611
11 97 7987
11 98 9722
11 99 945
12 13 5305
12 14 1524
12 15 3062
12 16 5813
12 17 3698
12 18 3746
12 19 5160
12 20 1731
12 21 4475
12 22 2266
12 23 5762
12 24 6671
12 25 5128
12 26 1057
12 27 5332
12 28 5910
12 29 2415
12 30 3810
12 31 3775
12 32 4549
12 33 1449
12 34 3442
12 35 6064
12 36 6690
12 37 6183
12 38 4644
12 39 2339
12 40 4955
12 41 7352
12 42 4851
12 43 2666
12 44 5914
12 45 4975
12 46 3206
12 47 4934
12 48 7057
12 49 5841
12 50 4835
12 51 3528
12 52 659
12 53 4420
12 54 4661
12 55 2299
12 56 6042
12 57 5541
12 58 6447
12 59 6413
12 60 7618
12 61 3107
12 62 4225
12 63 2651
12 64 3185
12 65 5273
12 66 4964
12 67 1678
12 68 3374
12 69 8016
12 70 4807
12 71 4018
12 72 6140
12 73 1883
12 74 4352
12 75 3034
12 76 3983
12 77 5948
12 78 2420
12 79 5623
12 80 2638
12 81 4478
12 82 7454
12 83 5147
12 84 2970
12 85 2212
12 86 3302
12 87 6568
12 88 6834
12 89 4119
12 90 3698
12 91 4287
12 92 5469
12 93 6809
12 94 5775
12 95 3261
12 96 5737
12 97 4342
12 98 6506
12 99 4685
13 14 6210
13 15 5900
13 16 6599
13 17 9240
13 18 9127
13 19 10634
13 20 4066
13 21 9977
13 22 3822
13 23 11102
13 24 11325
13 25 2226
13 26 6464
13 27 7617
13 28 534
13 29 5933
13 30 4033
13 31 6537
13 32 8219
13 33 4824
13 34 2769
13 35 10594
13 36 10878
13 37 10128
13 38 10079
13 39 6514
13 40 4429
13 41 12153
13 42 9801
13 43 3273
13 44 10879
13 45 990
13 46 7294
13 47 10437
13 48 7097
13 49 11105
13 50 8349
13 51 4592
13 52 5161
13 53 7313
13 54 6563
13 55 6994
13 56 10889
13 57 9276
13 58 8272
13 59 10678
13 60 9225
13 61 5536
13 62 7658
13 63 7469
13 64 8182
13 65 8258
13 66 2071
13 67 6782
13 68 5043
13 69 12595
13 70 8611
13 71 7430
13 72 7547
13 73 6803
13 74 8274
13 75 3474
13 76 7463
13 77 10901
13 78 7321
13 79 7151
13 80 6074
13 81 7614
13 82 8977
13 83 9956
13 84 6948
13 85 5058
13 86 2408
13 87 11517
13 88 9652
13 89 2386
13 90 5468
13 91 9011
13 92 9876
13 93 9714
13 94 10113
13 95 4484
13 96 1239
13 97 3045
13 98 6169
13 99 9888
14 15 2472
14 16 6923
14 17 3173
14 18 2981
14 19 4727
14 20 3504
14 21 3921
14 22 2625
14 23 5752
14 24 6874
14 25 6480
14 26 1757
14 27 6299
14 28 6462
14 29 3205
14 30 5081
14 31 2681
14 32 2983
14 33 3039
14 34 4384
14 35 7097
14 36 6832
14 37 7019
14 38 3936
14 39 3681
14 40 6317
14 41 7752
14 42 4967
14 43 3518
14 44 5877
14 45 5713
14 46 2050
14 47 4226
14 48 8460
14 49 5681
14 50 3481
14 51 5032
14 52 1601
14 53 5793
14 54 5992
14 55 3165
14 56 6271
14 57 6123
14 58 7581
14 59 7353
14 60 8740
14 61 2155
14 62 2686
14 63 1775
14 64 3600
14 65 6199
14 66 6182
14 67 1227
14 68 2832
14 69 8353
14 70 5677
14 71 5086
14 72 7815
14 73 797
14 74 2648
14 75 4160
14 76 2748
14 77 5738
14 78 1287
14 79 6735
14 80 1588
14 81 5821
14 82 8554
14 83 3913
14 84 4438
14 85 1589
14 86 4028
14 87 6710
14 88 8202
14 89 4629
14 90 4890
14 91 4855
14 92 4468
14 93 7686
14 94 6456
14 95 4459
14 96 6479
14 97 5212
14 98 7657
14 99 4002
15 16 8299
15 17 4893
15 18 4587
15 19 6532
15 20 4313
15 21 5308
15 22 2965
15 23 7433
15 24 8501
15 25 6623
15 26 3346
15 27 8174
15 28 6404
15 29 5091
15 30 6317
15 31 815
15 32 2194
15 33 4460
15 34 4838
15 35 9081
15 36 9042
15 37 9274
15 38 5448
15 39 5667
15 40 7436
15 41 9829
15 42 7086
15 43 4170
15 44 7201
15 45 5744
15 46 2236
15 47 5692
15 48 9640
15 49 7394
15 50 2484
15 51 6049
15 52 3002
15 53 7319
15 54 7747
15 55 5227
15 56 8159
15 57 8478
15 58 9589
15 59 9163
15 60 10411
15 61 1198
15 62 1838
15 63 3298
15 64 5723
15 65 8331
15 66 6635
15 67 3196
15 68 1456
15 69 10007
15 70 7345
15 71 6829
15 72 9260
15 73 3043
15 74 2785
15 75 5280
15 76 1694
15 77 7202
15 78 2759
15 79 8633
15 80 1078
15 81 7379
15 82 10356
15 83 4352
15 84 6231
15 85 1633
15 86 4344
15 87 8600
15 88 10074
15 89 4034
15 90 6777
15 91 6985
15 92 3784
15 93 9462
15 94 8283
15 95 5976
15 96 6292
15 97 5856
15 98 9052
15 99 6000
16 17 8028
16 18 7873
16 19 8061
16 20 4503
16 21 8793
16 22 6038
16 23 7788
16 24 7591
16 25 4785
16 26 5966
16 27 1840
16 28 6557
16 29 4134
16 30 2958
16 31 8969
16 32 9786
16 33 4430
16 34 5117
16 35 5759
16 36 6341
16 37 4754
16 38 8454
16 39 3685
16 40 2604
16 41 8060
16 42 6518
16 43 5383
16 44 8472
16 45 6021
16 46 8673
16 47 8537
16 48 1804
16 49 8075
16 50 9788
16 51 2814
16 52 5527
16 53 2277
16 54 900
16 55 4334
16 56 7487
16 57 4049
16 58 1821
16 59 5477
16 60 2990
16 61 8159
16 62 9407
16 63 7827
16 64 5683
16 65 2794
16 66 4613
16 67 6671
16 68 8084
16 69 8728
16 70 4200
16 71 2982
16 72 1055
16 73 6783
16 74 9498
16 75 4011
16 76 9360
16 77 8079
16 78 7327
16 79 1011
16 80 8303
16 81 2831
16 82 2763
16 83 10123
16 84 3577
16 85 7307
16 86 6208
16 87 7478
16 88 3866
16 89 7038
16 90 2260
16 91 5309
16 92 11026
16 93 4013
16 94 6091
16 95 2895
16 96 7208
16 97 3907
16 98 1578
16 99 7959
17 18 206
17 19 1647
17 20 5452
17 21 1253
17 22 5360
17 23 3370
17 24 4314
17 25 8965
17 26 3093
17 27 6720
17 28 9285
17 29 4495
17 30 6532
17 31 5059
17 32 4027
17 33 5135
17 34 6756
17 35 5324
17 36 5276
17 37 6294
17 38 1107
17 39 4484
17 40 8337
17 41 5402
17 42 2960
17 43 6100
17 44 2437
17 45 8934
17 46 2994
17 47 1336
17 48 8893
17 49 2734
17 50 4338
17 51 6241
17 52 4110
17 53 5768
17 54 6911
17 55 3309
17 56 3726
17 57 5605
17 58 7652
17 59 6008
17 60 8381
17 61 5005
17 62 4610
17 63 1651
17 64 2613
17 65 6052
17 66 8586
17 67 2762
17 68 5918
17 69 5782
17 70 4617
17 71 5188
17 72 7874
17 73 2968
17 74 3245
17 75 6634
17 76 4409
17 77 2975
17 78 2704
17 79 7210
17 80 4261
17 81 5729
17 82 8535
17 83 2969
17 84 4506
17 85 4777
17 86 6952
17 87 4192
17 88 7521
17 89 7251
17 90 6222
17 91 3789
17 92 4107
17 93 6962
17 94 4260
17 95 6692
17 96 9655
17 97 7696
17 98 9018
17 99 1397
18 19 2138
18 20 5138
18 21 1325
18 22 5392
18 23 3357
18 24 4381
18 25 8994
18 26 2771
18 27 6868
18 28 9517
18 29 3996
18 30 6796
18 31 4794
18 32 4011
18 33 4838
18 34 6800
18 35 5463
18 36 5151
18 37 5991
18 38 1085
18 39 4007
18 40 8155
18 41 5483
18 42 2976
18 43 6330
18 44 2641
18 45 8772
18 46 2770
18 47 1379
18 48 9030
18 49 2731
18 50 4427
18 51 6619
18 52 3862
18 53 5782
18 54 7063
18 55 3388
18 56 3452
18 57 5544
18 58 7876
18 59 6082
18 60 8379
18 61 4762
18 62 4404
18 63 1948
18 64 2219
18 65 6144
18 66 8767
18 67 2655
18 68 5771
18 69 5846
18 70 4586
18 71 4878
18 72 8129
18 73 2556
18 74 3241
18 75 6386
18 76 3935
18 77 2787
18 78 2259
18 79 7396
18 80 4403
18 81 5504
18 82 8815
18 83 2919
18 84 4248
18 85 4902
18 86 6651
18 87 4155
18 88 7822
18 89 7265
18 90 6404
18 91 3971
18 92 4042
18 93 6757
18 94 4386
18 95 6659
18 96 9455
18 97 7410
18 98 8866
18 99 1373
19 20 6628
19 21 2000
19 22 7038
19 23 1674
19 24 2606
19 25 10194
19 26 4198
19 27 6796
19 28 10953
19 29 4945
19 30 7905
19 31 6664
19 32 5967
19 33 6241
19 34 8146
19 35 4468
19 36 4137
19 37 5703
19 38 1600
19 39 4907
19 40 8740
19 41 4044
19 42 2642
19 43 7563
19 44 1027
19 45 10045
19 46 4713
19 47 1177
19 48 9403
19 49 1244
19 50 5873
19 51 7481
19 52 5186
19 53 6065
19 54 7794
19 55 4226
19 56 2331
19 57 5455
19 58 7753
19 59 5454
19 60 8276
19 61 6700
19 62 5888
19 63 3646
19 64 2755
19 65 5994
19 66 9911
19 67 4344
19 68 7300
19 69 3921
19 70 4307
19 71 5120
19 72 8026
19 73 4380
19 74 4990
19 75 7730
19 76 5960
19 77 1237
19 78 4058
19 79 7828
19 80 5863
19 81 5830
19 82 8767
19 83 3653
19 84 5061
19 85 6164
19 86 8408
19 87 2683
19 88 7291
19 89 9088
19 90 6785
19 91 3433
19 92 5385
19 93 6491
19 94 3835
19 95 7280
19 96 10866
19 97 8572
19 98 9454
19 99 1015
20 21 6113
20 22 2133
20 23 6878
20 24 7523
20 25 3547
20 26 2641
20 27 4497
20 28 4796
20 29 2206
20 30 2150
20 31 5160
20 32 6109
20 33 955
20 34 2220
20 35 6690
20 36 7089
20 37 6350
20 38 6066
20 39 2482
20 40 3645
20 41 7997
20 42 5520
20 43 1396
20 44 6965
20 45 3760
20 46 4655
20 47 6536
20 48 5707
20 49 6967
20 50 6013
20 51 2012
20 52 2034
20 53 3861
20 54 3868
20 55 3010
20 56 7147
20 57 5508
20 58 5450
20 59 6632
20 60 6355
20 61 3783
20 62 5547
20 63 4281
20 64 4034
20 65 4878
20 66 3503
20 67 3494
20 68 4102
20 69 8629
20 70 4751
20 71 3761
20 72 5139
20 73 3313
20 74 5868
20 75 1287
20 76 5599
20 77 6920
20 78 4073
20 79 4222
20 80 4475
20 81 4274
20 82 6791
20 83 6748
20 84 2893
20 85 3275
20 86 2467
20 87 7464
20 88 6472
20 89 3363
20 90 2639
20 91 4927
20 92 7545
20 93 6389
20 94 6164
20 95 1613
20 96 4795
20 97 2530
20 98 5199
20 99 6252
21 22 6421
21 23 3480
21 24 4350
21 25 9497
21 26 4042
21 27 7771
21 28 9951
21 29 5117
21 30 7727
21 31 5248
21 32 4234
21 33 5819
21 34 7500
21 35 6236
21 36 5764
21 37 6619
21 38 461
21 39 5366
21 40 9359
21 41 5402
21 42 3826
21 43 7367
21 44 2415
21 45 9591
21 46 3217
21 47 653
21 48 10265
21 49 2941
21 50 4345
21 51 7337
21 52 4654
21 53 6853
21 54 8078
21 55 4554
21 56 3994
21 57 6311
21 58 8686
21 59 6896
21 60 9506
21 61 5622
21 62 4586
21 63 2429
21 64 3507
21 65 7204
21 66 9410
21 67 3462
21 68 6431
21 69 5888
21 70 5694
21 71 6267
21 72 9166
21 73 3435
21 74 3144
21 75 7485
21 76 4234
21 77 2748
21 78 2956
21 79 8578
21 80 4605
21 81 6443
21 82 9793
21 83 2168
21 84 5722
21 85 5146
21 86 7782
21 87 4676
21 88 8172
21 89 8025
21 90 7014
21 91 4796
21 92 3877
21 93 7632
21 94 5227
21 95 7454
21 96 10354
21 97 8589
21 98 9933
21 99 1257
22 23 7414
22 24 8353
22 25 4036
22 26 2990
22 27 6115
22 28 4043
22 29 3688
22 30 3522
22 31 3423
22 32 4961
22 33 2047
22 34 1797
22 35 7588
22 36 8056
22 37 7629
22 38 6441
22 39 3912
22 40 4651
22 41 9403
22 42 6357
22 43 1482
22 44 7765
22 45 3404
22 46 3873
22 47 6883
22 48 7156
22 49 7330
22 50 5155
22 51 3726
22 52 1657
22 53 5428
22 54 5531
22 55 4140
22 56 7522
22 57 6534
22 58 7125
22 59 8098
22 60 8126
22 61 2175
22 62 4382
22 63 4201
22 64 4885
22 65 6496
22 66 3670
22 67 3121
22 68 2172
22 69 9638
22 70 6087
22 71 5395
22 72 6591
22 73 3102
22 74 5102
22 75 2354
22 76 4454
22 77 7765
22 78 3671
22 79 6154
22 80 2973
22 81 5551
22 82 8334
22 83 6423
22 84 4476
22 85 1980
22 86 1603
22 87 7991
22 88 8094
22 89 2096
22 90 4296
22 91 5779
22 92 6195
22 93 7759
22 94 7533
22 95 2996
22 96 4382
22 97 3176
22 98 6705
22 99 6382
23 24 1164
23 25 10220
23 26 4835
23 27 6275
23 28 11371
23 29 5356
23 30 7917
23 31 7733
23 32 7064
23 33 6142
23 34 8678
23 35 3187
23 36 2775
23 37 4197
23 38 3156
23 39 5053
23 40 9052
23 41 2218
23 42 1787
23 43 8124
23 44 1410
23 45 10576
23 46 5759
23 47 3015
23 48 8924
23 49 790
23 50 7244
23 51 7463
23 52 6100
23 53 5709
23 54 6898
23 55 4343
23 56 869
23 57 4226
23 58 6965
23 59 4121
23 60 7436
23 61 7908
23 62 7538
23 63 4635
23 64 2976
23 65 5141
23 66 9922
23 67 5157
23 68 8265
23 69 2821
23 70 3781
23 71 4655
23 72 7535
23 73 5212
23 74 6164
23 75 7762
23 76 6987
23 77 839
23 78 5335
23 79 7073
23 80 6873
23 81 5216
23 82 7517
23 83 5408
23 84 4631
23 85 7244
23 86 8926
23 87 1462
23 88 6298
23 89 9450
23 90 6778
23 91 2744
23 92 6952
23 93 5207
23 94 2352
23 95 7257
23 96 11570
23 97 8969
23 98 9125
23 99 2210
24 25 10618
24 26 5705
24 27 6315
24 28 11893
24 29 5513
24 30 8285
24 31 8860
24 32 7939
24 33 6814
24 34 9212
24 35 2706
24 36 1949
24 37 4177
24 38 4041
24 39 5345
24 40 9343
24 41 1444
24 42 2093
24 43 8868
24 44 2046
24 45 10882
24 46 6921
24 47 3979
24 48 9048
24 49 1779
24 50 8090
24 51 7638
24 52 6560
24 53 5746
24 54 7190
24 55 4881
24 56 1051
24 57 4062
24 58 7025
24 59 3739
24 60 7381
24 61 8412
24 62 8539
24 63 5512
24 64 3837
24 65 4879
24 66 10356
24 67 5865
24 68 9190
24 69 1532
24 70 3712
24 71 4851
24 72 7338
24 73 5992
24 74 7425
24 75 8445
24 76 7996
24 77 2031
24 78 6221
24 79 7417
24 80 7989
24 81 5122
24 82 7221
24 83 6309
24 84 5050
24 85 8097
24 86 9875
24 87 799
24 88 5633
24 89 10539
24 90 7053
24 91 3014
24 92 8075
24 93 4974
24 94 2267
24 95 8164
24 96 12084
24 97 9432
24 98 9306
24 99 3309
25 26 6118
25 27 5767
25 28 2056
25 29 5203
25 30 2729
25 31 7355
25 32 8857
25 33 4045
25 34 2513
25 35 9145
25 36 9953
25 37 8696
25 38 9884
25 39 5434
25 40 2739
25 41 11326
25 42 8894
25 43 3233
25 44 10460
25 45 1721
25 46 8062
25 47 10089
25 48 5268
25 49 10117
25 50 8704
25 51 3334
25 52 5228
25 53 5465
25 54 4801
25 55 6381
25 56 10295
25 57 7675
25 58 6433
25 59 9028
25 60 7302
25 61 6197
25 62 8159
25 63 7635
25 64 7343
25 65 7143
25 66 301
25 67 6818
25 68 5946
25 69 11667
25 70 7645
25 71 6078
25 72 5794
25 73 6883
25 74 8861
25 75 2846
25 76 8467
25 77 10426
25 78 7220
25 79 5352
25 80 6848
25 81 6250
25 82 7573
25 83 10277
25 84 6106
25 85 5720
25 86 2977
25 87 10596
25 88 7996
25 89 3628
25 90 4188
25 91 7629
25 92 10078
25 93 8110
25 94 9153
25 95 3027
25 96 3129
25 97 1362
25 98 4296
25 99 9224
26 27 5130
26 28 6551
26 29 2133
26 30 4274
26 31 3629
26 32 4508
26 33 2031
26 34 4047
26 35 5774
26 36 5981
26 37 5790
26 38 3922
26 39 2442
26 40 5714
26 41 6939
26 42 3809
26 43 3746
26 44 5178
26 45 6223
26 46 2952
26 47 4351
26 48 6997
26 49 4953
26 50 4662
26 51 4124
26 52 1230
26 53 4071
26 54 5101
26 55 1812
26 56 4938
26 57 4769
26 58 6382
26 59 6201
26 60 7367
26 61 3242
26 62 3881
26 63 2211
26 64 2318
26 65 5260
26 66 5900
26 67 886
26 68 3567
26 69 7297
26 70 4408
26 71 4004
26 72 6562
26 73 1391
26 74 4035
26 75 3813
26 76 4080
26 77 4810
26 78 1580
26 79 5816
26 80 3050
26 81 4081
26 82 7657
26 83 4679
26 84 3025
26 85 2890
26 86 4458
26 87 5502
26 88 6580
26 89 5103
26 90 4199
26 91 3617
26 92 5200
26 93 6256
26 94 4931
26 95 4047
26 96 6992
26 97 4856
26 98 6769
26 99 3866
27 28 7550
27 29 3080
27 30 3398
27 31 8837
27 32 9256
27 33 4046
27 34 5727
27 35 4182
27 36 4726
27 37 3213
27 38 7198
27 39 2916
27 40 3851
27 41 6164
27 42 4688
27 43 5313
27 44 7095
27 45 6749
27 46 7699
27 47 7626
27 48 3112
27 49 6771
27 50 9367
27 51 3121
27 52 5263
27 53 1268
27 54 1496
27 55 3680
27 56 5846
27 57 2218
27 58 1621
27 59 3507
27 60 2747
27 61 7483
27 62 8718
27 63 6835
27 64 4408
27 65 1660
27 66 5864
27 67 5886
27 68 8052
27 69 6654
27 70 3018
27 71 1957
27 72 1872
27 73 6354
27 74 8735
27 75 4651
27 76 8793
27 77 6701
27 78 6805
27 79 1072
27 80 7884
27 81 1669
27 82 2401
27 83 9176
27 84 2392
27 85 7016
27 86 6526
27 87 5819
27 88 2615
27 89 7405
27 90 2008
27 91 3513
27 92 10039
27 93 2611
27 94 4500
27 95 3420
27 96 8158
27 97 4745
27 98 3423
27 99 6644
28 29 6210
28 30 4319
28 31 7087
28 32 8200
28 33 5217
28 34 2858
28 35 10882
28 36 11377
28 37 10239
28 38 10090
28 39 6611
28 40 4897
28 41 12307
28 42 9958
28 43 3591
28 44 11407
28 45 1244
28 46 7793
28 47 10494
28 48 7397
28 49 11460
28 50 8574
28 51 4964
28 52 5545
28 53 7119
28 54 6644
28 55 6968
28 56 11311
28 57 9063
28 58 8536
28 59 10500
28 60 9361
28 61 5742
28 62 7913
28 63 7866
28 64 8272
28 65 8582
28 66 2251
28 67 6995
28 68 4998
28 69 12992
28 70 8880
28 71 7546
28 72 7932
28 73 7227
28 74 8482
28 75 3529
28 76 7710
28 77 11419
28 78 7418
28 79 7069
28 80 6372
28 81 7889
28 82 9562
28 83 10024
28 84 7319
28 85 5363
28 86 2570
28 87 11415
28 88 10077
28 89 2551
28 90 6141
28 91 9181
28 92 10211
28 93 9849
28 94 10401
28 95 4491
28 96 816
28 97 3273
28 98 6311
28 99 10238
29 30 2864
29 31 5567
29 32 6292
29 33 1840
29 34 4094
29 35 4817
29 36 4932
29 37 4712
29 38 5083
29 39 585
29 40 4231
29 41 6435
29 42 3881
29 43 3527
29 44 5411
29 45 5653
29 46 4588
29 47 5188
29 48 5515
29 49 5269
29 50 6623
29 51 2648
29 52 2593
29 53 2390
29 54 3356
29 55 1272
29 56 5183
29 57 3754
29 58 4695
29 59 4838
29 60 5469
29 61 4810
29 62 6125
29 63 3779
29 64 2278
29 65 3223
29 66 5309
29 67 3014
29 68 5091
29 69 6727
29 70 2897
29 71 1981
29 72 4556
29 73 2968
29 74 6013
29 75 3097
29 76 6015
29 77 5413
29 78 3847
29 79 3818
29 80 4649
29 81 2456
29 82 5525
29 83 6371
29 84 1410
29 85 4299
29 86 4420
29 87 5605
29 88 5212
29 89 5495
29 90 2197
29 91 2729
29 92 7337
29 93 4794
29 94 4533
29 95 2597
29 96 6623
29 97 4092
29 98 5059
29 99 4525
30 31 6766
30 32 7810
30 33 2038
30 34 2369
30 35 6374
30 36 7474
30 37 6267
30 38 7723
30 39 3005
30 40 1750
30 41 8569
30 42 6092
30 43 2433
30 44 8373
30 45 3507
30 46 6605
30 47 7790
30 48 4027
30 49 7891
30 50 7889
30 51 1028
30 52 3425
30 53 3328
30 54 2303
30 55 3750
30 56 7710
30 57 5140
30 58 4292
30 59 6716
30 60 5427
30 61 5707
30 62 7124
30 63 5856
30 64 4941
30 65 4436
30 66 2899
30 67 5085
30 68 5309
30 69 9350
30 70 5192
30 71 3670
30 72 3852
30 73 4972
30 74 7387
30 75 1365
30 76 7029
30 77 8061
30 78 5682
30 79 3371
30 80 5755
30 81 3808
30 82 5276
30 83 8622
30 84 3274
30 85 4665
30 86 3094
30 87 8025
30 88 5692
30 89 4096
30 90 1656
30 91 5449
30 92 8744
30 93 5939
30 94 6763
30 95 560
30 96 4882
30 97 1379
30 98 3240
30 99 7216
31 32 2068
31 33 5088
31 34 5304
31 35 9405
31 36 9189
31 37 9667
31 38 5208
31 39 5815
31 40 8283
31 41 9512
31 42 7040
31 43 4784
31 44 7365
31 45 6723
31 46 2124
31 47 5854
31 48 10391
31 49 7468
31 50 1897
31 51 6943
31 52 3756
31 53 7798
31 54 8312
31 55 5631
31 56 8010
31 57 8644
31 58 9888
31 59 9734
31 60 11001
31 61 1639
31 62 1076
31 63 3151
31 64 5704
31 65 8764
31 66 7291
31 67 3389
31 68 2098
31 69 10017
31 70 7774
31 71 7196
31 72 9766
31 73 2958
31 74 2399
31 75 5736
31 76 1376
31 77 7269
31 78 2619
31 79 8822
31 80 983
31 81 7935
31 82 10868
31 83 4097
31 84 6568
31 85 1926
31 86 4907
31 87 8519
31 88 10619
31 89 4718
31 90 7289
31 91 7003
31 92 3205
31 93 9807
31 94 8552
31 95 6440
31 96 6496
31 97 6698
31 98 9897
31 99 5729
32 33 5566
32 34 6814
32 35 8989
32 36 8921
32 37 9434
32 38 4331
32 39 6621
32 40 9348
32 41 9188
32 42 6700
32 43 6095
32 44 6766
32 45 8055
32 46 1815
32 47 4920
32 48 11185
32 49 6812
32 50 582
32 51 7955
32 52 4227
32 53 8252
32 54 8966
32 55 5896
32 56 7742
32 57 9111
32 58 10297
32 59 9445
32 60 11715
32 61 3013
32 62 754
32 63 3123
32 64 5874
32 65 8929
32 66 8494
32 67 3401
32 68 3651
32 69 9713
32 70 7819
32 71 7843
32 72 10229
32 73 3298
32 74 1131
32 75 6891
32 76 584
32 77 6517
32 78 2979
32 79 9686
32 80 2374
32 81 8475
32 82 11461
32 83 2935
32 84 7244
32 85 3271
32 86 6005
32 87 8315
32 88 10932
32 89 6307
32 90 8156
32 91 7126
32 92 2086
32 93 10070
32 94 8140
32 95 7331
32 96 8053
32 97 8055
32 98 10880
32 99 5249
33 34 2580
33 35 5910
33 36 6522
33 37 5767
33 38 5848
33 39 2200
33 40 4057
33 41 7686
33 42 4999
33 43 1976
33 44 6413
33 45 4093
33 46 4532
33 47 6064
33 48 5696
33 49 6620
33 50 6169
33 51 2249
33 52 1781
33 53 3445
33 54 3777
33 55 2170
33 56 6648
33 57 5066
33 58 5290
33 59 6468
33 60 6650
33 61 3832
33 62 5451
33 63 4010
33 64 3680
33 65 4834
33 66 3860
33 67 3111
33 68 3816
33 69 8317
33 70 4631
33 71 3336
33 72 5254
33 73 2751
33 74 5475
33 75 1891
33 76 5386
33 77 6257
33 78 3521
33 79 4437
33 80 4279
33 81 3726
33 82 6279
33 83 6609
33 84 2809
33 85 3026
33 86 3007
33 87 6883
33 88 6567
33 89 4055
33 90 2347
33 91 4492
33 92 7207
33 93 6016
33 94 5915
33 95 2120
33 96 5194
33 97 2893
33 98 5051
33 99 5621
34 35 8256
34 36 8936
34 37 8114
34 38 7643
34 39 4026
34 40 3493
34 41 10167
34 42 7257
34 43 896
34 44 8736
34 45 2302
34 46 5512
34 47 8179
34 48 5918
34 49 8686
34 50 7005
34 51 3060
34 52 3440
34 53 5319
34 54 4754
34 55 4663
34 56 8467
34 57 6871
34 58 6719
34 59 8500
34 60 7620
34 61 3865
34 62 6121
34 63 5427
34 64 5661
34 65 6252
34 66 2387
34 67 4672
34 68 3487
34 69 10482
34 70 6291
34 71 5097
34 72 5932
34 73 4788
34 74 6741
34 75 1117
34 76 6207
34 77 8703
34 78 4907
34 79 5638
34 80 4726
34 81 5816
34 82 7800
34 83 8092
34 84 4770
34 85 3556
34 86 1369
34 87 8938
34 88 7811
34 89 2208
34 90 3618
34 91 6556
34 92 7939
34 93 8012
34 94 8115
34 95 2468
34 96 3271
34 97 1483
34 98 5345
34 99 7549
35 36 1303
35 37 1335
35 38 5904
35 39 4447
35 40 7114
35 41 2617
35 42 2636
35 43 8054
35 44 4265
35 45 9697
35 46 7610
35 47 5430
35 48 6348
35 49 3865
35 50 9458
35 51 6293
35 52 6610
35 53 3731
35 54 4997
35 55 4048
35 56 2899
35 57 1749
35 58 4034
35 59 1004
35 60 4769
35 61 8841
35 62 8916
35 63 6603
35 64 3852
35 65 2522
35 66 8934
35 67 6210
35 68 9315
35 69 3478
35 70 1902
35 71 3197
35 72 4934
35 73 6208
35 74 8318
35 75 7135
35 76 8985
35 77 3993
35 78 6628
35 79 4817
35 80 8655
35 81 2918
35 82 4983
35 83 8053
35 84 3776
35 85 8374
35 86 9098
35 87 2732
35 88 3322
35 89 9684
35 90 5318
35 91 2427
35 92 9329
35 93 2422
35 94 1274
35 95 6389
35 96 11158
35 97 7938
35 98 6608
35 99 4787
36 37 2347
36 38 5009
36 39 4980
36 40 8108
36 41 1939
36 42 2308
36 43 8371
36 44 3863
36 45 10510
36 46 7477
36 47 5032
36 48 7630
36 49 3158
36 50 8896
36 51 6631
36 52 7003
36 53 4473
36 54 6089
36 55 4511
36 56 2560
36 57 2568
36 58 5195
36 59 1932
36 60 5432
36 61 9181
36 62 8893
36 63 6488
36 64 4042
36 65 3383
36 66 9891
36 67 6267
36 68 9218
36 69 2124
36 70 2407
36 71 3775
36 72 5875
36 73 6546
36 74 8079
36 75 7838
36 76 9058
36 77 3403
36 78 6853
36 79 5866
36 80 8721
36 81 3995
36 82 5826
36 83 7742
36 84 4386
36 85 8343
36 86 9195
36 87 1666
36 88 4025
36 89 10378
36 90 5784
36 91 2790
36 92 8847
36 93 3160
36 94 1319
36 95 7327
36 96 11914
36 97 8507
36 98 7600
36 99 4735
37 38 6486
37 39 4163
37 40 6249
37 41 3778
37 42 3257
37 43 7490
37 44 5223
37 45 9604
37 46 7953
37 47 6412
37 48 5474
37 49 4751
37 50 9614
37 51 5467
37 52 6611
37 53 3176
37 54 4242
37 55 4184
37 56 4234
37 57 1100
37 58 3250
37 59 963
37 60 3388
37 61 9016
37 62 9662
37 63 7054
37 64 4311
37 65 2070
37 66 8332
37 67 6484
37 68 9466
37 69 4162
37 70 1707
37 71 2861
37 72 4279
37 73 6930
37 74 8889
37 75 7104
37 76 9401
37 77 4974
37 78 7322
37 79 3742
37 80 8604
37 81 2706
37 82 3464
37 83 8695
37 84 3314
37 85 8384
37 86 8701
37 87 3467
37 88 1960
37 89 9521
37 90 4336
37 91 2475
37 92 9976
37 93 1079
37 94 2224
37 95 5995
37 96 10829
37 97 7205
37 98 5894
37 99 5813
38 39 5032
38 40 9053
38 41 5099
38 42 3499
38 43 6991
38 44 2169
38 45 9470
38 46 3826
38 47 400
38 48 9694
38 49 2526
38 50 4731
38 51 7500
38 52 4693
38 53 6782
38 54 7718
38 55 4507
38 56 3318
38 57 5909
38 58 8592
38 59 6439
38 60 9381
38 61 5932
38 62 4876
38 63 2538
38 64 3323
38 65 6400
38 66 9571
38 67 3261
38 68 6410
38 69 5268
38 70 5376
38 71 5800
38 72 8722
38 73 3344
38 74 3823
38 75 7321
38 76 4795
38 77 2228
38 78 3202
38 79 8335
38 80 5156
38 81 6339
38 82 9366
38 83 2748
38 84 5493
38 85 5433
38 86 7913
38 87 4188
38 88 7825
38 89 8514
38 90 6834
38 91 4363
38 92 4213
38 93 7517
38 94 4602
38 95 7279
38 96 10487
38 97 8619
38 98 10010
38 99 913
39 40 4326
39 41 6183
39 42 3390
39 43 3813
39 44 5385
39 45 6183
39 46 5168
39 47 5168
39 48 4990
39 49 5131
39 50 6619
39 51 2478
39 52 2595
39 53 2066
39 54 3333
39 55 1046
39 56 4912
39 57 3119
39 58 4427
39 59 4725
39 60 5045
39 61 4934
39 62 6134
39 63 3875
39 64 2349
39 65 3105
39 66 5361
39 67 3147
39 68 5586
39 69 6509
39 70 2434
39 71 1638
39 72 4092
39 73 3153
39 74 6148
39 75 3373
39 76 6194
39 77 5260
39 78 3903
39 79 3367
39 80 5289
39 81 2444
39 82 5432
39 83 6378
39 84 841
39 85 4480
39 86 4539
39 87 5133
39 88 4746
39 89 5382
39 90 2352
39 91 2654
39 92 7468
39 93 4579
39 94 3921
39 95 2615
39 96 7251
39 97 4293
39 98 4920
39 99 4548
40 41 9454
40 42 7635
40 43 3746
40 44 9639
40 45 3922
40 46 7919
40 47 9163
40 48 2592
40 49 8964
40 50 9356
40 51 2133
40 52 5272
40 53 3828
40 54 2124
40 55 5193
40 56 8672
40 57 5786
40 58 4355
40 59 6955
40 60 5006
40 61 7174
40 62 8808
40 63 7353
40 64 6572
40 65 4549
40 66 2673
40 67 6519
40 68 7019
40 69 9918
40 70 5871
40 71 4385
40 72 3334
40 73 6788
40 74 9257
40 75 2918
40 76 8919
40 77 9153
40 78 7018
40 79 3081
40 80 7487
40 81 4189
40 82 5135
40 83 9848
40 84 4129
40 85 6066
40 86 4338
40 87 8746
40 88 5711
40 89 5269
40 90 2519
40 91 6140
40 92 10615
40 93 6084
40 94 7316
40 95 1854
40 96 5202
40 97 2137
40 98 2053
40 99 8710
41 42 2950
41 43 9481
41 44 3100
41 45 11968
41 46 8155
41 47 5208
41 48 9134
41 49 2726
41 50 9195
41 51 8098
41 52 7655
41 53 5959
41 54 7487
41 55 5685
41 56 2013
41 57 4104
41 58 6571
41 59 3241
41 60 6857
41 61 9648
41 62 9379
41 63 6736
41 64 4524
41 65 5256
41 66 11219
41 67 7116
41 68 10075
41 69 917
41 70 4173
41 71 5429
41 72 7283
41 73 7365
41 74 8379
41 75 9277
41 76 9076
41 77 2836
41 78 7413
41 79 7255
41 80 9076
41 81 5403
41 82 7005
41 83 7343
41 84 5811
41 85 9070
41 86 10414
41 87 1561
41 88 5243
41 89 11257
41 90 7348
41 91 3618
41 92 9239
41 93 4676
41 94 2034
41 95 8353
41 96 12802
41 97 9734
41 98 9478
41 99 4470
42 43 6970
42 44 2167
42 45 9394
42 46 5781
42 47 3382
42 48 7456
42 49 1924
42 50 7165
42 51 5771
42 52 4735
42 53 4534
42 54 5704
42 55 2861
42 56 1592
42 57 3071
42 58 5634
42 59 3057
42 60 6442
42 61 6795
42 62 7075
42 63 4065
42 64 2092
42 65 3680
42 66 8790
42 67 4234
42 68 7457
42 69 3399
42 70 2369
42 71 3209
42 72 6125
42 73 4440
42 74 5991
42 75 6409
42 76 6588
42 77 1822
42 78 4534
42 79 5923
42 80 6472
42 81 3950
42 82 6414
42 83 5295
42 84 3128
42 85 6649
42 86 7544
42 87 1957
42 88 5095
42 89 8466
42 90 5309
42 91 1532
42 92 7000
42 93 4265
42 94 1791
42 95 6198
42 96 10248
42 97 7556
42 98 7550
42 99 2283
43 44 8076
43 45 2573
43 46 5288
43 47 7695
43 48 6052
43 49 7958
43 50 6427
43 51 2645
43 52 2800
43 53 5059
43 54 4526
43 55 4258
43 56 8302
43 57 6737
43 58 6781
43 59 7905
43 60 7400
43 61 3544
43 62 5772
43 63 4887
43 64 5328
43 65 6241
43 66 2750
43 67 4098
43 68 3096
43 69 9885
43 70 6014
43 71 4856
43 72 6277
43 73 3847
43 74 6358
43 75 1436
43 76 5780
43 77 8016
43 78 4447
43 79 5158
43 80 4298
43 81 5483
43 82 7401
43 83 7631
43 84 4353
43 85 2932
43 86 1176
43 87 8459
43 88 7693
43 89 1935
43 90 3792
43 91 6074
43 92 7637
43 93 7554
43 94 7808
43 95 2443
43 96 3495
43 97 1969
43 98 5319
43 99 6859
44 45 10778
44 46 5432
44 47 2013
44 48 9917
44 49 907
44 50 6607
44 51 7702
44 52 6060
44 53 6465
44 54 8045
44 55 4788
44 56 1705
44 57 5324
44 58 7872
44 59 5095
44 60 8649
44 61 7404
44 62 7039
44 63 4151
44 64 3579
44 65 6288
44 66 10236
44 67 4979
44 68 8041
44 69 3190
44 70 4372
44 71 5704
44 72 8561
44 73 5068
44 74 5608
44 75 8306
44 76 6590
44 77 815
44 78 4858
44 79 8113
44 80 6679
44 81 5677
44 82 8528
44 83 4437
44 84 5253
44 85 7196
44 86 8866
44 87 2566
44 88 6980
44 89 9677
44 90 7307
44 91 3554
44 92 6169
44 93 6552
44 94 3318
44 95 8166
44 96 11434
44 97 9227
44 98 9913
44 99 1929
45 46 7269
45 47 10021
45 48 6704
45 49 10241
45 50 7894
45 51 4067
45 52 5098
45 53 6724
45 54 5968
45 55 6411
45 56 10642
45 57 8561
45 58 7697
45 59 9869
45 60 8595
45 61 5332
45 62 7623
45 63 7546
45 64 7438
45 65 7884
45 66 1667
45 67 6214
45 68 4684
45 69 12250
45 70 8193
45 71 7002
45 72 7136
45 73 6191
45 74 8275
45 75 2842
45 76 7402
45 77 10466
45 78 6624
45 79 6384
45 80 6316
45 81 7166
45 82 8480
45 83 9933
45 84 6333
45 85 4624
45 86 1921
45 87 10997
45 88 9334
45 89 2193
45 90 5267
45 91 8417
45 92 9382
45 93 9418
45 94 9806
45 95 3545
45 96 1622
45 97 2508
45 98 5920
45 99 9600
46 47 3749
46 48 9518
46 49 5938
46 50 1645
46 51 6380
46 52 2931
46 53 7143
46 54 7648
46 55 4363
46 56 6214
46 57 7297
46 58 8884
46 59 8111
46 60 10121
46 61 2744
46 62 1749
46 63 1613
46 64 4512
46 65 7772
46 66 7534
46 67 2088
46 68 3147
46 69 8267
46 70 6314
46 71 6568
46 72 9095
46 73 1912
46 74 1209
46 75 5458
46 76 1433
46 77 5811
46 78 1240
46 79 8259
46 80 1667
46 81 6963
46 82 10031
46 83 2477
46 84 5412
46 85 2704
46 86 5381
46 87 6848
46 88 9512
46 89 5744
46 90 6450
46 91 5781
46 92 2905
46 93 9032
46 94 7155
46 95 6328
46 96 7630
46 97 6870
46 98 9354
46 99 4130
47 48 9920
47 49 2565
47 50 4866
47 51 7362
47 52 4882
47 53 6733
47 54 8142
47 55 4690
47 56 3410
47 57 5882
47 58 8478
47 59 6476
47 60 9404
47 61 5816
47 62 5093
47 63 2735
47 64 3462
47 65 6902
47 66 9936
47 67 3769
47 68 6673
47 69 5288
47 70 5145
47 71 5755
47 72 8935
47 73 3667
47 74 3775
47 75 7816
47 76 5072
47 77 2088
47 78 3323
47 79 8316
47 80 5255
47 81 6308
47 82 9280
47 83 2709
47 84 5466
47 85 5906
47 86 8237
47 87 3823
47 88 8224
47 89 8609
47 90 7321
47 91 4187
47 92 4313
47 93 7405
47 94 4763
47 95 7559
47 96 10784
47 97 8849
47 98 9884
47 99 922
48 49 9141
48 50 11353
48 51 3954
48 52 7085
48 53 3582
48 54 2420
48 55 5961
48 56 8923
48 57 5241
48 58 2728
48 59 6155
48 60 2953
48 61 9121
48 62 10535
48 63 8962
48 64 6762
48 65 4242
48 66 5478
48 67 7835
48 68 8877
48 69 9455
48 70 5433
48 71 4305
48 72 1853
48 73 8314
48 74 10523
48 75 5075
48 76 10822
48 77 9337
48 78 8649
48 79 2010
48 80 9433
48 81 4258
48 82 2703
48 83 11534
48 84 5057
48 85 8415
48 86 7088
48 87 8823
48 88 4004
48 89 7701
48 90 3440
48 91 6277
48 92 12035
48 93 4875
48 94 7096
48 95 4028
48 96 7897
48 97 4536
48 98 1015
48 99 9508
49 50 6773
49 51 7573
49 52 6005
49 53 5896
49 54 7619
49 55 4297
49 56 1283
49 57 4920
49 58 7366
49 59 4602
49 60 8058
49 61 7283
49 62 7052
49 63 4253
49 64 3123
49 65 5579
49 66 9886
49 67 4849
49 68 8349
49 69 3089
49 70 4145
49 71 4880
49 72 8102
49 73 5132
49 74 5998
49 75 7810
49 76 6557
49 77 464
49 78 5107
49 79 7372
49 80 6818
49 81 5248
49 82 8103
49 83 4836
49 84 5148
49 85 7337
49 86 8980
49 87 1676
49 88 6455
49 89 9550
49 90 6902
49 91 3297
49 92 6353
49 93 6016
49 94 2603
49 95 7641
49 96 11654
49 97 8916
49 98 9526
49 99 1893
50 51 7726
50 52 4418
50 53 8385
50 54 9297
50 55 6217
50 56 7686
50 57 9167
50 58 10802
50 59 9949
50 60 11463
50 61 3066
50 62 926
50 63 2939
50 64 5747
50 65 9261
50 66 8573
50 67 3892
50 68 3481
50 69 9501
50 70 8310
50 71 8093
50 72 10521
50 73 3474
50 74 985
50 75 7046
50 76 1132
50 77 6538
50 78 2992
50 79 9833
50 80 2478
50 81 8700
50 82 11520
50 83 2646
50 84 7282
50 85 3540
50 86 6425
50 87 8275
50 88 10759
50 89 6056
50 90 8317
50 91 7077
50 92 1593
50 93 10269
50 94 8335
50 95 7774
50 96 8085
50 97 8227
50 98 10812
50 99 5196
51 52 3435
51 53 2772
51 54 1870
51 55 3386
51 56 7151
51 57 4452
51 58 4075
51 59 5979
51 60 4837
51 61 5419
51 62 7299
51 63 5602
51 64 4904
51 65 3722
51 66 3135
51 67 4907
51 68 5668
51 69 8582
51 70 4642
51 71 3128
51 72 3371
51 73 5012
51 74 7465
51 75 1731
51 76 7207
51 77 7374
51 78 5462
51 79 2757
51 80 6177
51 81 3456
51 82 4902
51 83 8534
51 84 2764
51 85 4897
51 86 3672
51 87 7617
51 88 5183
51 89 4435
51 90 1100
51 91 4490
51 92 8731
51 93 5299
51 94 6308
51 95 1038
51 96 5292
51 97 1954
51 98 3204
51 99 6887
52 53 4305
52 54 5166
52 55 2619
52 56 6188
52 57 5824
52 58 6307
52 59 6815
52 60 7684
52 61 2637
52 62 3849
52 63 2688
52 64 3292
52 65 5696
52 66 5182
52 67 1492
52 68 3170
52 69 8002
52 70 5013
52 71 4271
52 72 6259
52 73 1538
52 74 4096
52 75 2820
52 76 3681
52 77 6078
52 78 2107
52 79 5714
52 80 2915
52 81 4443
52 82 7773
52 83 5058
52 84 3313
52 85 1796
52 86 3074
52 87 6520
52 88 7274
52 89 3629
52 90 3748
52 91 4286
52 92 5603
52 93 6883
52 94 6216
52 95 3516
52 96 5883
52 97 4343
52 98 6598
52 99 4506
53 54 1783
53 55 2946
53 56 5509
53 57 2168
53 58 2535
53 59 3870
53 60 3604
53 61 6844
53 62 8262
53 63 5990
53 64 3896
53 65 1440
53 66 5555
53 67 5192
53 68 7014
53 69 6507
53 70 2204
53 71 1163
53 72 2307
53 73 5336
53 74 7755
53 75 4221
53 76 7811
53 77 5879
53 78 5663
53 79 1916
53 80 6986
53 81 1008
53 82 3427
53 83 8059
53 84 1566
53 85 5950
53 86 6090
53 87 5733
53 88 2972
53 89 6795
53 90 1857
53 91 2950
53 92 9086
53 93 2758
53 94 3912
53 95 3013
53 96 7870
53 97 4694
53 98 3876
53 99 6125
54 55 3847
54 56 6955
54 57 3410
54 58 2451
54 59 4794
54 60 3431
54 61 7407
54 62 8733
54 63 6924
54 64 4844
54 65 2556
54 66 4366
54 67 5894
54 68 7218
54 69 8141
54 70 3951
54 71 2354
54 72 1586
54 73 6043
54 74 8604
54 75 3643
54 76 8824
54 77 7364
54 78 6474
54 79 879
54 80 7699
54 81 2269
54 82 3339
54 83 9048
54 84 3024
54 85 6571
54 86 5368
54 87 6900
54 88 3998
54 89 6429
54 90 1635
54 91 4287
54 92 10125
54 93 3970
54 94 5386
54 95 2501
54 96 7239
54 97 3674
54 98 2150
54 99 7089
55 56 4251
55 57 3461
55 58 4674
55 59 4637
55 60 5774
55 61 4942
55 62 5550
55 63 3612
55 64 1531
55 65 3457
55 66 5688
55 67 2709
55 68 5129
55 69 6164
55 70 2490
55 71 2009
55 72 4692
55 73 2742
55 74 5202
55 75 3755
55 76 5506
55 77 4343
55 78 3257
55 79 4002
55 80 4964
55 81 2620
55 82 5849
55 83 5755
55 84 1304
55 85 4391
55 86 5225
55 87 4629
55 88 5251
55 89 5668
55 90 3110
55 91 2205
55 92 6498
55 93 4721
55 94 3889
55 95 3702
55 96 7302
55 97 4588
55 98 5993
55 99 3679
56 57 4254
56 58 6829
56 59 3774
56 60 7210
56 61 7759
56 62 7819
56 63 4764
56 64 3028
56 65 5004
56 66 9901
56 67 5067
56 68 8462
56 69 2170
56 70 3207
56 71 4848
56 72 7331
56 73 5458
56 74 6682
56 75 7758
56 76 7455
56 77 1427
56 78 5683
56 79 7086
56 80 7446
56 81 4866
56 82 7318
56 83 5582
56 84 4607
56 85 7295
56 86 9251
56 87 1221
56 88 5743
56 89 9839
56 90 6758
56 91 2612
56 92 7316
56 93 5009
56 94 2017
56 95 7298
56 96 11646
56 97 8692
56 98 8738
56 99 2848
57 58 2897
57 59 1484
57 60 3265
57 61 7910
57 62 8746
57 63 6274
57 64 3375
57 65 1042
57 66 7844
57 67 5452
57 68 8337
57 69 4523
57 70 1190
57 71 1643
57 72 3486
57 73 6007
57 74 7935
57 75 5894
57 76 8400
57 77 4673
57 78 6422
57 79 3375
57 80 7783
57 81 1366
57 82 3812
57 83 7820
57 84 2552
57 85 7084
57 86 7739
57 87 3861
57 88 2201
57 89 8272
57 90 3666
57 91 1862
57 92 9101
57 93 1727
57 94 2270
57 95 5026
57 96 9798
57 97 6288
57 98 5341
57 99 5239
58 59 3687
58 60 1143
58 61 8919
58 62 10053
58 63 7778
58 64 5747
58 65 2064
58 66 6500
58 67 7223
58 68 8983
58 69 7112
58 70 3481
58 71 2958
58 72 1087
58 73 7424
58 74 9835
58 75 5716
58 76 9926
58 77 7272
58 78 8029
58 79 1544
58 80 9148
58 81 2309
58 82 1133
58 83 10098
58 84 3644
58 85 8171
58 86 7332
58 87 6454
58 88 2144
58 89 8420
58 90 3102
58 91 4287
58 92 11180
58 93 2231
58 94 5112
58 95 4370
58 96 9145
58 97 5828
58 98 3036
58 99 7728
59 60 3900
59 61 8923
59 62 9537
59 63 6856
59 64 4416
59 65 2722
59 66 9099
59 67 6816
59 68 9340
59 69 3883
59 70 2392
59 71 3178
59 72 4469
59 73 6835
59 74 9119
59 75 7182
59 76 9530
59 77 4629
59 78 7389
59 79 4491
59 80 9030
59 81 3201
59 82 4399
59 83 8232
59 84 3938
59 85 8468
59 86 9164
59 87 3411
59 88 2369
59 89 9726
59 90 5200
59 91 2848
59 92 9840
59 93 1944
59 94 2048
59 95 6362
59 96 11137
59 97 8063
59 98 6643
59 99 5294
60 61 9860
60 62 11444
60 63 9117
60 64 6275
60 65 2830
60 66 7574
60 67 8373
60 68 10207
60 69 7503
60 70 4107
60 71 3973
60 72 1647
60 73 8421
60 74 10797
60 75 6734
60 76 11021
60 77 8244
60 78 8794
60 79 2371
60 80 10313
60 81 3198
60 82 596
60 83 10952
60 84 4572
60 85 9309
60 86 8400
60 87 7113
60 88 1688
60 89 9545
60 90 4372
60 91 5443
60 92 12240
60 93 2507
60 94 5553
60 95 5732
60 96 9973
60 97 6725
60 98 3757
60 99 8707
61 62 2349
61 63 3396
61 64 5582
61 65 7852
61 66 5880
61 67 3064
61 68 1183
61 69 10097
61 70 7258
61 71 6879
61 72 8517
61 73 2780
61 74 3162
61 75 4566
61 76 2349
61 77 7253
61 78 2868
61 79 8017
61 80 1245
61 81 7072
61 82 10045
61 83 5064
61 84 5627
61 85 1090
61 86 3227
61 87 8422
61 88 9521
61 89 3487
61 90 6308
61 91 6731
61 92 4450
61 93 9405
61 94 8319
61 95 5198
61 96 5242
61 97 5137
61 98 8358
61 99 5850
62 63 3053
62 64 5534
62 65 8981
62 66 8132
62 67 3403
62 68 2951
62 69 9895
62 70 7671
62 71 7835
62 72 9866
62 73 3172
62 74 1557
62 75 6240
62 76 638
62 77 6770
62 78 2792
62 79 9291
62 80 1768
62 81 8145
62 82 11275
62 83 3270
62 84 6993
62 85 3055
62 86 5764
62 87 8232
62 88 10816
62 89 5452
62 90 7637
62 91 7301
62 92 2491
62 93 10181
62 94 8053
62 95 6924
62 96 7654
62 97 7182
62 98 10522
62 99 5100
63 64 3156
63 65 6350
63 66 7457
63 67 1490
63 68 4093
63 69 7034
63 70 5016
63 71 5021
63 72 8089
63 73 1433
63 74 2343
63 75 5141
63 76 2831
63 77 4157
63 78 1027
63 79 7317
63 80 2474
63 81 5796
63 82 8823
63 83 2822
63 84 4491
63 85 3030
63 86 5404
63 87 5893
63 88 7975
63 89 5694
63 90 5855
63 91 4414
63 92 3366
63 93 7714
63 94 5748
63 95 5691
63 96 8045
63 97 6548
63 98 8517
63 99 2603
64 65 3924
64 66 7367
64 67 2917
64 68 5786
64 69 5164
64 70 2509
64 71 2733
64 72 5852
64 73 2993
64 74 4928
64 75 5073
64 76 5360
64 77 3139
64 78 3154
64 79 5463
64 80 4776
64 81 3483
64 82 6614
64 83 4760
64 84 2269
64 85 4977
64 86 6116
64 87 3649
64 88 5551
64 89 7093
64 90 4249
64 91 1588
64 92 6174
64 93 4776
64 94 3103
64 95 4689
64 96 8700
64 97 6163
64 98 7160
64 99 2665
65 66 6771
65 67 6058
65 68 8252
65 69 5763
65 70 1655
65 71 1287
65 72 2830
65 73 6129
65 74 8446
65 75 5271
65 76 8485
65 77 5718
65 78 6253
65 79 2592
65 80 7616
65 81 1281
65 82 3182
65 83 8683
65 84 2381
65 85 7232
65 86 7154
65 87 4558
65 88 2263
65 89 7980
65 90 2977
65 91 2639
65 92 9808
65 93 1731
65 94 3462
65 95 4356
65 96 9320
65 97 5604
65 98 4252
65 99 5925
66 67 6223
66 68 5452
66 69 11690
66 70 7316
66 71 6082
66 72 5812
66 73 6356
66 74 8799
66 75 2408
66 76 7906
66 77 10116
66 78 7055
66 79 5437
66 80 6619
66 81 6486
66 82 7291
66 83 9977
66 84 5559
66 85 5099
66 86 2539
66 87 10070
66 88 8229
66 89 3346
66 90 3974
66 91 7827
66 92 9992
66 93 8322
66 94 8996
66 95 2769
66 96 2920
66 97 1581
66 98 4625
66 99 9402
67 68 3693
67 69 7337
67 70 4737
67 71 4815
67 72 6992
67 73 654
67 74 2978
67 75 4259
67 76 3166
67 77 4771
67 78 932
67 79 6613
67 80 2335
67 81 5193
67 82 8271
67 83 3967
67 84 3519
67 85 2527
67 86 4507
67 87 5836
67 88 7359
67 89 4942
67 90 5062
67 91 4260
67 92 4530
67 93 6879
67 94 5514
67 95 4682
67 96 7206
67 97 5740
67 98 7456
67 99 3304
68 69 10449
68 70 7667
68 71 6743
68 72 8625
68 73 3430
68 74 3746
68 75 4488
68 76 3196
68 77 8173
68 78 3411
68 79 8183
68 80 2101
68 81 7308
68 82 10077
68 83 5567
68 84 6045
68 85 1553
68 86 2856
68 87 8970
68 88 10015
68 89 2630
68 90 6160
68 91 7160
68 92 5368
68 93 9579
68 94 8772
68 95 5085
68 96 4913
68 97 5164
68 98 8643
68 99 6705
69 70 4605
69 71 6137
69 72 7797
69 73 7493
69 74 8623
69 75 9394
69 76 9474
69 77 3315
69 78 7522
69 79 7912
69 80 9319
69 81 6063
69 82 7684
69 83 7525
69 84 5971
69 85 9581
69 86 11148
69 87 1733
69 88 5751
69 89 11404
69 90 7961
69 91 4329
69 92 9348
69 93 5212
69 94 2557
69 95 9231
69 96 13235
69 97 10264
69 98 9602
69 99 4800
70 71 1420
70 72 4399
70 73 5065
70 74 7264
70 75 5496
70 76 7547
70 77 3895
70 78 5576
70 79 3705
70 80 6749
70 81 1562
70 82 4521
70 83 7086
70 84 2037
70 85 6588
70 86 7247
70 87 3325
70 88 3412
70 89 8218
70 90 3477
70 91 1009
70 92 8488
70 93 2688
70 94 2005
70 95 5051
70 96 9338
70 97 6113
70 98 5521
70 99 4616
71 72 3449
71 73 4633
71 74 7238
71 75 4182
71 76 7636
71 77 5052
71 78 5439
71 79 2454
71 80 6430
71 81 788
71 82 4214
71 83 7321
71 84 1221
71 85 5883
71 86 6106
71 87 4646
71 88 3281
71 89 6695
71 90 2071
71 91 2178
71 92 8483
71 93 3023
71 94 3605
71 95 3261
71 96 8266
71 97 5042
71 98 4553
71 99 5190
72 73 7538
72 74 10159
72 75 5370
72 76 9905
72 77 8214
72 78 7888
72 79 1116
72 80 8773
72 81 2996
72 82 1797
72 83 10359
72 84 3622
72 85 7998
72 86 6938
72 87 7195
72 88 2825
72 89 8150
72 90 2769
72 91 5203
72 92 11292
72 93 3032
72 94 5722
72 95 4068
72 96 8658
72 97 4914
72 98 2355
72 99 8228
73 74 2835
73 75 4333
73 76 2700
73 77 4939
73 78 1057
73 79 6829
73 80 1972
73 81 5400
73 82 8251
73 83 3700
73 84 3826
73 85 2585
73 86 4678
73 87 5951
73 88 7645
73 89 4895
73 90 4785
73 91 4162
73 92 4469
73 93 7521
73 94 5603
73 95 4949
73 96 7137
73 97 5418
73 98 7725
73 99 3449
74 75 6874
74 76 1145
74 77 5720
74 78 2446
74 79 9146
74 80 2179
74 81 7708
74 82 11209
74 83 2125
74 84 6256
74 85 3796
74 86 6279
74 87 7432
74 88 10231
74 89 6340
74 90 7702
74 91 6270
74 92 1477
74 93 9673
74 94 7555
74 95 7441
74 96 8721
74 97 7796
74 98 10435
74 99 4193
75 76 6134
75 77 7751
75 78 4911
75 79 4123
75 80 4942
75 81 4717
75 82 6673
75 83 8059
75 84 3668
75 85 3775
75 86 2296
75 87 8354
75 88 6969
75 89 3135
75 90 2733
75 91 5430
75 92 8337
75 93 6935
75 94 7047
75 95 1468
75 96 4083
75 97 1488
75 98 4590
75 99 7008
76 77 6621
76 78 2692
76 79 8997
76 80 1641
76 81 7776
76 82 11191
76 83 3039
76 84 6798
76 85 2944
76 86 5487
76 87 7849
76 88 10667
76 89 5681
76 90 7571
76 91 6939
76 92 2318
76 93 10006
76 94 8015
76 95 6924
76 96 7698
76 97 7473
76 98 10263
76 99 4965
77 78 5040
77 79 7444
77 80 6969
77 81 5541
77 82 8062
77 83 4576
77 84 5070
77 85 7038
77 86 8730
77 87 1895
77 88 6582
77 89 9415
77 90 6960
77 91 3363
77 92 6574
77 93 5873
77 94 3073
77 95 7814
77 96 11520
77 97 8965
77 98 9327
77 99 1982
78 79 6962
78 80 1914
78 81 5889
78 82 8907
78 83 3396
78 84 4289
78 85 2766
78 86 5056
78 87 6315
78 88 8378
78 89 5099
78 90 5357
78 91 4914
78 92 3481
78 93 7834
78 94 6024
78 95 5439
78 96 7556
78 97 5878
78 98 8267
78 99 3502
79 80 8272
79 81 2413
79 82 2441
79 83 9755
79 84 3078
79 85 7321
79 86 6329
79 87 6815
79 88 3313
79 89 7156
79 90 2104
79 91 4535
79 92 10673
79 93 3133
79 94 5568
79 95 3428
79 96 7634
79 97 4274
79 98 2326
79 99 7439
80 81 7050
80 82 10141
80 83 4226
80 84 5886
80 85 1527
80 86 4323
80 87 7729
80 88 9815
80 89 4222
80 90 6202
80 91 6120
80 92 3924
80 93 9096
80 94 7491
80 95 5495
80 96 6273
80 97 6023
80 98 9061
80 99 5140
81 82 3703
81 83 7891
81 84 1631
81 85 6357
81 86 6424
81 87 4789
81 88 2994
81 89 7339
81 90 2443
81 91 2318
81 92 8958
81 93 2293
81 94 3674
81 95 3532
81 96 8393
81 97 5252
81 98 4384
81 99 5664
82 83 11267
82 84 4968
82 85 9339
82 86 8316
82 87 6922
82 88 1841
82 89 9689
82 90 4267
82 91 5558
82 92 12460
82 93 2860
82 94 5695
82 95 5364
82 96 9888
82 97 6771
82 98 3371
82 99 8807
83 84 6610
83 85 5382
83 86 7727
83 87 6452
83 88 10198
83 89 7983
83 90 8079
83 91 6105
83 92 1713
83 93 9525
83 94 6682
83 95 8338
83 96 10035
83 97 8821
83 98 11138
83 99 3117
84 85 4973
84 86 5458
84 87 4818
84 88 4208
84 89 6262
84 90 2300
84 91 1918
84 92 7969
84 93 3867
84 94 3766
84 95 3266
84 96 7416
84 97 4689
84 98 4733
84 99 4540
85 86 2732
85 87 8243
85 88 9174
85 89 3264
85 90 5257
85 91 5876
85 92 4935
85 93 8729
85 94 7539
85 95 4351
85 96 5011
85 97 4846
85 98 7711
85 99 5638
86 87 9580
86 88 8726
86 89 1204
86 90 4413
86 91 7152
86 92 7460
86 93 8602
86 94 8404
86 95 3355
86 96 2822
86 97 2594
86 98 6512
86 99 7576
87 88 5687
87 89 10381
87 90 6582
87 91 2714
87 92 7993
87 93 4791
87 94 1703
87 95 7572
87 96 12018
87 97 9214
87 98 8727
87 99 3468
88 89 9455
88 90 4174
88 91 4202
88 92 11475
88 93 977
88 94 4134
88 95 5627
88 96 10719
88 97 7231
88 98 4741
88 99 7545
89 90 5650
89 91 7985
89 92 7673
89 93 9706
89 94 9364
89 95 3967
89 96 2523
89 97 3547
89 98 7045
89 99 8036
90 91 4236
90 92 9067
90 93 4303
90 94 5346
90 95 1829
90 96 6511
90 97 2946
90 98 2910
90 99 6427
91 92 7325
91 93 3679
91 94 1886
91 95 5273
91 96 9518
91 97 6435
91 98 6425
91 99 3615
92 93 10704
92 94 8107
92 95 8724
92 96 9630
92 97 9252
92 98 12021
92 99 5022
93 94 3274
93 95 5851
93 96 10337
93 97 7352
93 98 5058
93 99 6417
94 95 6341
94 96 11091
94 97 8012
94 98 7572
94 99 4008
95 96 5040
95 97 1683
95 98 3779
95 99 6725
96 97 3623
96 98 7371
96 99 10005
97 98 3944
97 99 8122
98 99 9312
