# --------- Instancia para o programa mo420-network-design.e  ---------
# Gerado por ../bin/mo420-network-design-gera-entrada.e 1 20 100 20 80 2
# --------- Cabecalho com dados gerais ---------
nnodes nedges capacity gamma
20 190 100 2
# --------- Dados referentes aos vertices ---------
nodename posx posy weight
0 6806 7005 73
1 5174 4531 51
2 7443 5108 31
3 7006 2092 54
4 6062 5619 29
5 8763 8214 78
6 6511 8260 56
7 5701 1240 26
8 7866 7788 68
9 9865 2490 46
10 3627 4162 67
11 9076 5754 22
12 5135 6728 35
13 373 8922 74
14 6219 7571 42
15 6138 9600 67
16 1636 2648 41
17 8572 5652 25
18 8525 5737 30
19 9446 4299 78
# --------- Dados referentes aas arestas ---------
endpoint1 endpoint2 distance
0 1 2985
0 2 2083
0 3 4935
0 4 1596
0 5 2464
0 6 1764
0 7 6046
0 8 1809
0 9 5690
0 10 4580
0 11 2661
0 12 2090
0 13 7166
0 14 846
0 15 2838
0 16 6777
0 17 2376
0 18 2493
0 19 4055
1 2 2610
1 3 3314
1 4 1633
1 5 5256
1 6 3971
1 7 3700
1 8 4449
1 9 5472
1 10 1592
1 11 4470
1 12 2224
1 13 6629
1 14 3321
1 15 5575
1 16 4296
1 17 3584
1 18 3917
1 19 4654
2 3 3338
2 4 1510
2 5 3473
2 6 3691
2 7 4461
2 8 2979
2 9 4012
2 10 4164
2 11 1776
2 12 3069
2 13 8249
2 14 3182
2 15 4899
2 16 6362
2 17 1507
2 18 1331
2 19 2283
3 4 3936
3 5 6854
3 6 6503
3 7 2021
3 8 6200
3 9 3236
3 10 4202
3 11 4270
3 12 5236
3 13 9704
3 14 5728
3 15 7960
3 16 5814
3 17 4067
3 18 4063
3 19 3653
4 5 4196
4 6 3063
4 7 4580
4 8 3155
4 9 4937
4 10 3215
4 11 3125
4 12 1773
4 13 6836
4 14 2389
4 15 4133
4 16 5402
4 17 2887
4 18 2486
4 19 3915
5 6 2407
5 7 7861
5 8 1294
5 9 5951
5 10 6581
5 11 2934
5 12 4386
5 13 8797
5 14 2705
5 15 2992
5 16 9470
5 17 2720
5 18 2718
5 19 4311
6 7 7405
6 8 1710
6 9 7005
6 10 5070
6 11 3644
6 12 2170
6 13 6339
6 14 832
6 15 1476
6 16 7497
6 17 3595
6 18 3629
6 19 5085
7 8 7167
7 9 4839
7 10 3821
7 11 5739
7 12 5864
7 13 9375
7 14 6572
7 15 8692
7 16 4488
7 17 5744
7 18 5627
7 19 4850
8 9 5697
8 10 5824
8 11 2862
8 12 3317
8 13 8065
8 14 2097
8 15 2631
8 16 8318
8 17 2460
8 18 2178
8 19 4112
9 10 6628
9 11 3464
9 12 6694
9 13 11501
9 14 6427
9 15 8027
9 16 8591
9 17 3439
9 18 3910
9 19 2171
10 11 5868
10 12 3349
10 13 6229
10 14 4593
10 15 6197
10 16 2519
10 17 5405
10 18 5291
10 19 6044
11 12 4214
11 13 9447
11 14 3490
11 15 5227
11 16 8537
11 17 802
11 18 1008
11 19 1566
12 13 5254
12 14 1703
12 15 3300
12 16 5510
12 17 4040
12 18 3831
12 19 5134
13 14 6247
13 15 6162
13 16 6488
13 17 8844
13 18 9092
13 19 10571
14 15 2522
14 16 6778
14 17 3219
14 18 3286
14 19 4831
15 16 8488
15 17 4756
15 18 4870
15 19 6635
16 17 7810
16 18 7898
16 19 8050
17 18 296
17 19 1838
18 19 2118
