# --------- Instancia para o programa mo420-network-design.e  ---------
# Gerado por ../bin/mo420-network-design-gera-entrada.e 5 20 100 20 80 2
# --------- Cabecalho com dados gerais ---------
nnodes nedges capacity gamma
20 190 100 2
# --------- Dados referentes aos vertices ---------
nodename posx posy weight
0 4027 5022 50
1 8028 4813 56
2 7212 8778 23
3 9347 1539 74
4 4627 8093 65
5 5971 4306 66
6 3632 1296 23
7 1742 8360 62
8 3646 1096 77
9 2560 4609 37
10 2453 4048 75
11 5376 2007 33
12 8913 6877 46
13 2945 5686 58
14 4332 1091 78
15 687 1235 23
16 9260 5399 73
17 5016 9338 48
18 3701 8683 76
19 1545 5813 66
# --------- Dados referentes aas arestas ---------
endpoint1 endpoint2 distance
0 1 4106
0 2 5329
0 3 6443
0 4 3492
0 5 2380
0 6 4112
0 7 4176
0 8 4400
0 9 1697
0 10 1927
0 11 3648
0 12 5455
0 13 1282
0 14 4087
0 15 5338
0 16 5321
0 17 4676
0 18 3957
0 19 2719
1 2 4133
1 3 3837
1 4 4867
1 5 2187
1 6 5922
1 7 7544
1 8 6107
1 9 5495
1 10 5880
1 11 4252
1 12 2370
1 13 5519
1 14 5527
1 15 8490
1 16 1802
1 17 5460
1 18 6072
1 19 6931
2 3 7990
2 4 3112
2 5 5130
2 6 8310
2 7 5573
2 8 8544
2 9 6472
2 10 6872
2 11 7110
2 12 2788
2 13 5347
2 14 8359
2 15 10076
2 16 4221
2 17 2276
2 18 3907
2 19 6499
3 4 8241
3 5 4776
3 6 5797
3 7 10273
3 8 6157
3 9 7696
3 10 7534
3 11 4065
3 12 5538
3 13 8041
3 14 5498
3 15 8914
3 16 3926
3 17 9056
3 18 9179
3 19 8954
4 5 4259
4 6 7033
4 7 3331
4 8 7475
4 9 4364
4 10 4726
4 11 6165
4 12 4592
4 13 3219
4 14 7149
4 15 8163
4 16 5709
4 17 1681
4 18 1202
4 19 4236
5 6 4080
5 7 6081
5 8 4461
5 9 3781
5 10 3722
5 11 2640
5 12 4223
5 13 3712
5 14 4013
5 15 6479
5 16 3844
5 17 5375
5 18 5321
5 19 5100
6 7 7494
6 8 325
6 9 3634
6 10 3035
6 11 1925
6 12 7737
6 13 4762
6 14 1144
6 15 3375
6 16 7274
6 17 8508
6 18 7388
6 19 5244
7 8 7862
7 9 4295
7 10 4558
7 11 7580
7 12 7802
7 13 3067
7 14 8057
7 15 7299
7 16 8261
7 17 3812
7 18 2057
7 19 2619
8 9 4095
8 10 3659
8 11 2173
8 12 8247
8 13 4821
8 14 852
8 15 3096
8 16 7276
8 17 8651
8 18 7697
8 19 5313
9 10 915
9 11 3853
9 12 7205
9 13 1318
9 14 4298
9 15 4102
9 16 6790
9 17 5433
9 18 4707
9 19 1636
10 11 3771
10 12 7409
10 13 2021
10 14 3555
10 15 3354
10 16 7024
10 17 6071
10 18 5024
10 19 2345
11 12 6282
11 13 4580
11 14 1402
11 15 4931
11 16 5269
11 17 7777
11 18 7153
11 19 5720
12 13 6135
12 14 7526
12 15 10004
12 16 1692
12 17 5043
12 18 5756
12 19 7873
13 14 5022
13 15 5267
13 16 6756
13 17 4278
13 18 3287
13 19 1842
14 15 4093
14 16 6552
14 17 8684
14 18 8063
14 19 5656
15 16 9548
15 17 9270
15 18 8176
15 19 5079
16 17 5795
16 18 6946
16 19 8056
17 18 1963
17 19 5328
18 19 3883
